1584
294
295
296
513
514
515
552
553
554
765
766
767
807
808
809
831
832
833
1017
1018
1019
1071
1072
1073
1272
1273
1274
1326
1327
1328
1356
1357
1358
1617
1618
1619
1650
1651
1652
1680
1681
1682
1698
1699
1700
1776
1777
1778
1863
1864
1865
1884
1885
1886
1890
1891
1892
1971
1972
1973
1992
1993
1994
2151
2152
2153
2181
2182
2183
2409
2410
2411
2418
2419
2420
2481
2482
2483
2658
2659
2660
2667
2668
2669
2682
2683
2684
2715
2716
2717
2793
2794
2795
2802
2803
2804
2871
2872
2873
2925
2926
2927
3015
3016
3017
3168
3169
3170
3183
3184
3185
3237
3238
3239
3339
3340
3341
3537
3538
3539
3618
3619
3620
3636
3637
3638
3669
3670
3671
3744
3745
3746
3864
3865
3866
4035
4036
4037
4176
4177
4178
4206
4207
4208
4302
4303
4304
4392
4393
4394
5016
5017
5018
5388
5389
5390
5436
5437
5438
5454
5455
5456
5475
5476
5477
5538
5539
5540
5553
5554
5555
5577
5578
5579
5610
5611
5612
5700
5701
5702
5775
5776
5777
5817
5818
5819
5862
5863
5864
5871
5872
5873
5931
5932
5933
6009
6010
6011
6231
6232
6233
6321
6322
6323
6357
6358
6359
6402
6403
6404
6411
6412
6413
6432
6433
6434
6456
6457
6458
6597
6598
6599
6615
6616
6617
6735
6736
6737
6933
6934
6935
6939
6940
6941
7038
7039
7040
8685
8686
8687
9009
9010
9011
9558
9559
9560
9690
9691
9692
9726
9727
9728
9861
9862
9863
10122
10123
10124
10125
10126
10127
10485
10486
10487
10626
10627
10628
10635
10636
10637
10644
10645
10646
10662
10663
10664
10704
10705
10706
10791
10792
10793
10833
10834
10835
10947
10948
10949
10983
10984
10985
11028
11029
11030
11043
11044
11045
11340
11341
11342
11427
11428
11429
11457
11458
11459
11541
11542
11543
11580
11581
11582
11688
11689
11690
11718
11719
11720
11775
11776
11777
11781
11782
11783
11898
11899
11900
11910
11911
11912
12063
12064
12065
12108
12109
12110
12111
12112
12113
12147
12148
12149
12198
12199
12200
12237
12238
12239
12267
12268
12269
12273
12274
12275
12279
12280
12281
12306
12307
12308
12321
12322
12323
12357
12358
12359
12450
12451
12452
12501
12502
12503
12549
12550
12551
12558
12559
12560
12612
12613
12614
12615
12616
12617
12624
12625
12626
12678
12679
12680
12750
12751
12752
12813
12814
12815
12834
12835
12836
12948
12949
12950
12951
12952
12953
13023
13024
13025
13041
13042
13043
13101
13102
13103
13110
13111
13112
13122
13123
13124
13143
13144
13145
13152
13153
13154
13182
13183
13184
13191
13192
13193
13224
13225
13226
13329
13330
13331
13395
13396
13397
13401
13402
13403
13464
13465
13466
13482
13483
13484
13521
13522
13523
13533
13534
13535
13761
13762
13763
13839
13840
13841
13860
13861
13862
13887
13888
13889
13893
13894
13895
13944
13945
13946
13989
13990
13991
14022
14023
14024
14040
14041
14042
14055
14056
14057
14091
14092
14093
14112
14113
14114
14133
14134
14135
14172
14173
14174
14244
14245
14246
14253
14254
14255
14265
14266
14267
14319
14320
14321
14376
14377
14378
14595
14596
14597
14718
14719
14720
14808
14809
14810
14811
14812
14813
14862
14863
14864
14871
14872
14873
14877
14878
14879
14973
14974
14975
15003
15004
15005
15063
15064
15065
15069
15070
15071
15114
15115
15116
15156
15157
15158
15249
15250
15251
15285
15286
15287
15291
15292
15293
15327
15328
15329
15372
15373
15374
15378
15379
15380
15465
15466
15467
15513
15514
15515
15516
15517
15518
15540
15541
15542
15708
15709
15710
15711
15712
15713
15771
15772
15773
15936
15937
15938
16017
16018
16019
16116
16117
16118
16134
16135
16136
16182
16183
16184
16257
16258
16259
16302
16303
16304
16308
16309
16310
16326
16327
16328
16347
16348
16349
16350
16351
16352
16362
16363
16364
16368
16369
16370
16380
16381
16382
16404
16405
16406
16542
16543
16544
16545
16546
16547
16578
16579
16580
16698
16699
16700
16707
16708
16709
16914
16915
16916
16944
16945
16946
16947
16948
16949
17031
17032
17033
17097
17098
17099
17154
17155
17156
17334
17335
17336
17412
17413
17414
17445
17446
17447
17454
17455
17456
17481
17482
17483
17724
17725
17726
17745
17746
17747
17850
17851
17852
17862
17863
17864
17868
17869
17870
17949
17950
17951
17952
17953
17954
18042
18043
18044
18252
18253
18254
18255
18256
18257
18318
18319
18320
18339
18340
18341
18462
18463
18464
18525
18526
18527
18579
18580
18581
18621
18622
18623
18663
18664
18665
18780
18781
18782
18825
18826
18827
18828
18829
18830
18897
18898
18899
18981
18982
18983
18987
18988
18989
19035
19036
19037
19212
19213
19214
19230
19231
19232
19251
19252
19253
19380
19381
19382
19524
19525
19526
19629
19630
19631
19653
19654
19655
19734
19735
19736
19809
19810
19811
19941
19942
19943
19956
19957
19958
19989
19990
19991
20052
20053
20054
20127
20128
20129
20187
20188
20189
20214
20215
20216
20223
20224
20225
20295
20296
20297
20304
20305
20306
20334
20335
20336
20439
20440
20441
20538
20539
20540
20589
20590
20591
20592
20593
20594
20598
20599
20600
20625
20626
20627
20712
20713
20714
20754
20755
20756
20886
20887
20888
20910
20911
20912
21096
21097
21098
21114
21115
21116
21228
21229
21230
21333
21334
21335
21342
21343
21344
21357
21358
21359
21837
21838
21839
21849
21850
21851
21891
21892
21893
21969
21970
21971
22089
22090
22091
22095
22096
22097
22398
22399
22400
22737
22738
22739
22980
22981
22982
23004
23005
23006
23007
23008
23009
23157
23158
23159
23259
23260
23261
23274
23275
23276
23295
23296
23297
23364
23365
23366
23682
23683
23684
24084
24085
24086
24255
24256
24257
24258
24259
24260
24339
24340
24341
24351
24352
24353
24420
24421
24422
24717
24718
24719
24729
24730
24731
24738
24739
24740
24762
24763
24764
24843
24844
24845
24852
24853
24854
24945
24946
24947
25017
25018
25019
25065
25066
25067
25077
25078
25079
25158
25159
25160
25446
25447
25448
25518
25519
25520
25638
25639
25640
25665
25666
25667
25749
25750
25751
26022
26023
26024
26055
26056
26057
26109
26110
26111
26124
26125
26126
26139
26140
26141
26148
26149
26150
26289
26290
26291
26331
26332
26333
26373
26374
26375
26400
26401
26402
26427
26428
26429
26469
26470
26471
26529
26530
26531
26616
26617
26618
26919
26920
26921
26979
26980
26981
27030
27031
27032
27108
27109
27110
27129
27130
27131
27222
27223
27224
27402
27403
27404
27435
27436
27437
27624
27625
27626
27663
27664
27665
27666
27667
27668
27741
27742
27743
27831
27832
27833
27927
27928
27929
27984
27985
27986
28017
28018
28019
28128
28129
28130
28269
28270
28271
28305
28306
28307
28425
28426
28427
28572
28573
28574
28578
28579
28580
28767
28768
28769
29019
29020
29021
29133
29134
29135
29196
29197
29198
29220
29221
29222
29244
29245
29246
29271
29272
29273
29361
29362
29363
29448
29449
29450
29511
29512
29513
29526
29527
29528
29598
29599
29600
29721
29722
29723
29865
29866
29867
29877
29878
29879
30024
30025
30026
30072
30073
30074
30099
30100
30101
30798
30799
30800
30813
30814
30815
30843
30844
30845
30882
30883
30884
30891
30892
30893
31068
31069
31070
31116
31117
31118
31158
31159
31160
31164
31165
31166
31203
31204
31205
31242
31243
31244
31254
31255
31256
31458
31459
31460
31476
31477
31478
31731
31732
31733
31992
31993
31994
32034
32035
32036
32181
32182
32183
32259
32260
32261
32292
32293
32294
32355
32356
32357
32493
32494
32495
32553
32554
32555
32694
32695
32696
32895
32896
32897
32922
32923
32924
32937
32938
32939
32946
32947
32948
33522
33523
33524
33582
33583
33584
33708
33709
33710
33753
33754
33755
33831
33832
33833
33840
33841
33842
33861
33862
33863
33882
33883
33884
33951
33952
33953
34005
34006
34007
34086
34087
34088
34209
34210
34211
34308
34309
34310
34485
34486
34487
34491
34492
34493
34503
34504
34505
34602
34603
34604
34647
34648
34649
34722
34723
34724
34731
34732
34733
34932
34933
34934
34995
34996
34997
35064
35065
35066
35127
35128
35129
35160
35161
35162
35484
35485
35486
35487
35488
35489
35514
35515
35516
35535
35536
35537
35694
35695
35696
35697
35698
35699
35793
35794
35795
35898
35899
35900
36006
36007
36008
36102
36103
36104
36213
36214
36215
36261
36262
36263
36303
36304
36305
36321
36322
36323
36342
36343
36344
36429
36430
36431
36510
36511
36512
36546
36547
36548
36840
36841
36842
36993
36994
36995
37032
37033
37034
37089
37090
37091
37116
37117
37118
37164
37165
37166
37230
37231
37232
37302
37303
37304
37401
37402
37403
37410
37411
37412
37425
37426
37427
37428
37429
37430
37464
37465
37466
37506
37507
37508
37566
37567
37568
37674
37675
37676
37821
37822
37823
37845
37846
37847
37923
37924
37925
37989
37990
37991
38181
38182
38183
38238
38239
38240
38265
38266
38267
38286
38287
38288
38340
38341
38342
38370
38371
38372
38445
38446
38447
38466
38467
38468
38604
38605
38606
38607
38608
38609
38694
38695
38696
38718
38719
38720
38841
38842
38843
38853
38854
38855
38856
38857
38858
39090
39091
39092
39162
39163
39164
39183
39184
39185
39201
39202
39203
39252
39253
39254
39264
39265
39266
39288
39289
39290
39348
39349
39350
39384
39385
39386
39468
39469
39470
39522
39523
39524
39654
39655
39656
39726
39727
39728
39819
39820
39821
39909
39910
39911
39924
39925
39926
39939
39940
39941
40071
40072
40073
40113
40114
40115
40128
40129
40130
40158
40159
40160
40176
40177
40178
40182
40183
40184
40404
40405
40406
40878
40879
40880
40881
40882
40883
40956
40957
40958
40962
40963
40964
40977
40978
40979
41016
41017
41018
41079
41080
41081
41121
41122
41123
41124
41125
41126
41184
41185
41186
41196
41197
41198
41199
41200
41201
41277
41278
41279
41283
41284
41285
41286
41287
41288
41301
41302
41303
41319
41320
41321
