7737
0
1
2
3
4
5
6
7
8
9
10
11
12
13
14
15
16
17
18
19
20
21
22
23
24
25
26
27
28
29
30
31
32
33
34
35
36
37
38
39
40
41
42
43
44
45
46
47
48
49
50
51
52
53
54
55
56
57
58
59
60
61
62
63
64
65
66
67
68
69
70
71
72
73
74
75
76
77
78
79
80
81
82
83
84
85
86
87
88
89
90
91
92
93
94
95
96
97
98
99
100
101
102
103
104
105
106
107
108
109
110
111
112
113
114
115
116
117
118
119
120
121
122
123
124
125
126
127
128
129
130
131
132
133
134
135
136
137
138
139
140
141
142
143
144
145
146
147
148
149
150
151
152
153
154
155
156
157
158
159
160
161
162
163
164
165
166
167
168
169
170
171
172
173
174
175
176
177
178
179
180
181
182
183
184
185
186
187
188
189
190
191
192
193
194
195
196
197
198
199
200
201
202
203
204
205
206
207
208
209
210
211
212
213
214
215
216
217
218
219
220
221
222
223
224
225
226
227
228
229
230
231
232
233
234
235
236
237
238
239
240
241
242
243
244
245
246
247
248
249
250
251
252
253
254
255
256
257
258
259
260
261
262
263
264
265
266
267
268
269
270
271
272
273
274
275
276
277
278
279
280
281
282
283
284
285
286
287
288
289
290
291
292
293
294
295
296
297
298
299
300
301
302
303
304
305
306
307
308
309
310
311
312
313
314
315
316
317
318
319
320
321
322
323
324
325
326
327
328
329
330
331
332
333
334
335
336
337
338
339
340
341
342
343
344
345
346
347
348
349
350
351
352
353
354
355
356
357
358
359
360
361
362
363
364
365
366
367
368
369
370
371
372
373
374
375
376
377
378
379
380
381
382
383
384
385
386
387
388
389
390
391
392
393
394
395
396
397
398
399
400
401
402
403
404
405
406
407
408
409
410
411
412
413
414
415
416
417
418
419
420
421
422
423
424
425
426
427
428
438
439
440
441
442
443
444
445
446
450
451
452
453
454
455
456
457
458
459
460
461
468
469
470
471
472
473
474
475
476
480
481
482
483
484
485
486
487
488
492
493
494
495
496
497
498
499
500
501
502
503
504
505
506
507
508
509
510
511
512
516
517
518
519
520
521
522
523
524
537
538
539
540
541
542
543
544
545
549
550
551
552
553
554
555
556
557
558
559
560
567
568
569
573
574
575
579
580
581
585
586
587
588
589
590
591
592
593
594
595
596
597
598
599
600
601
602
603
604
605
606
607
608
615
616
617
618
619
620
621
622
623
624
625
626
627
628
629
630
631
632
633
634
635
636
637
638
639
640
641
645
646
647
648
649
650
654
655
656
657
658
659
660
661
662
669
670
671
672
673
674
675
676
677
681
682
683
684
685
686
690
691
692
693
694
695
699
700
701
705
706
707
708
709
710
714
715
716
717
718
719
720
721
722
732
733
734
738
739
740
747
748
749
750
751
752
753
754
755
756
757
758
759
760
761
762
763
764
768
769
770
780
781
782
786
787
788
789
790
791
795
796
797
798
799
800
801
802
803
813
814
815
816
817
818
828
829
830
831
832
833
843
844
845
846
847
848
852
853
854
867
868
869
879
880
881
885
886
887
888
889
890
891
892
893
909
910
911
912
913
914
915
916
917
918
919
920
921
922
923
924
925
926
930
931
932
933
934
935
936
937
938
939
940
941
942
943
944
945
946
947
948
949
950
951
952
953
963
964
965
966
967
968
972
973
974
975
976
977
978
979
980
981
982
983
987
988
989
996
997
998
999
1000
1001
1002
1003
1004
1008
1009
1010
1014
1015
1016
1017
1018
1019
1020
1021
1022
1023
1024
1025
1026
1027
1028
1032
1033
1034
1038
1039
1040
1041
1042
1043
1047
1048
1049
1050
1051
1052
1053
1054
1055
1056
1057
1058
1068
1069
1070
1071
1072
1073
1074
1075
1076
1077
1078
1079
1089
1090
1091
1092
1093
1094
1098
1099
1100
1104
1105
1106
1110
1111
1112
1113
1114
1115
1116
1117
1118
1125
1126
1127
1128
1129
1130
1137
1138
1139
1146
1147
1148
1149
1150
1151
1152
1153
1154
1158
1159
1160
1170
1171
1172
1173
1174
1175
1176
1177
1178
1179
1180
1181
1182
1183
1184
1185
1186
1187
1188
1189
1190
1194
1195
1196
1200
1201
1202
1212
1213
1214
1218
1219
1220
1224
1225
1226
1227
1228
1229
1230
1231
1232
1242
1243
1244
1248
1249
1250
1251
1252
1253
1257
1258
1259
1260
1261
1262
1263
1264
1265
1266
1267
1268
1278
1279
1280
1287
1288
1289
1290
1291
1292
1293
1294
1295
1296
1297
1298
1299
1300
1301
1305
1306
1307
1314
1315
1316
1317
1318
1319
1320
1321
1322
1329
1330
1331
1335
1336
1337
1341
1342
1343
1344
1345
1346
1350
1351
1352
1356
1357
1358
1362
1363
1364
1365
1366
1367
1368
1369
1370
1374
1375
1376
1377
1378
1379
1380
1381
1382
1386
1387
1388
1389
1390
1391
1392
1393
1394
1395
1396
1397
1398
1399
1400
1401
1402
1403
1410
1411
1412
1413
1414
1415
1416
1417
1418
1419
1420
1421
1422
1423
1424
1425
1426
1427
1434
1435
1436
1440
1441
1442
1446
1447
1448
1461
1462
1463
1467
1468
1469
1488
1489
1490
1503
1504
1505
1512
1513
1514
1515
1516
1517
1518
1519
1520
1521
1522
1523
1524
1525
1526
1530
1531
1532
1539
1540
1541
1542
1543
1544
1545
1546
1547
1548
1549
1550
1557
1558
1559
1563
1564
1565
1569
1570
1571
1572
1573
1574
1575
1576
1577
1578
1579
1580
1584
1585
1586
1590
1591
1592
1593
1594
1595
1596
1597
1598
1599
1600
1601
1608
1609
1610
1617
1618
1619
1623
1624
1625
1635
1636
1637
1641
1642
1643
1647
1648
1649
1665
1666
1667
1671
1672
1673
1683
1684
1685
1689
1690
1691
1692
1693
1694
1695
1696
1697
1704
1705
1706
1710
1711
1712
1719
1720
1721
1725
1726
1727
1728
1729
1730
1731
1732
1733
1737
1738
1739
1746
1747
1748
1779
1780
1781
1785
1786
1787
1791
1792
1793
1806
1807
1808
1818
1819
1820
1833
1834
1835
1839
1840
1841
1848
1849
1850
1851
1852
1853
1854
1855
1856
1860
1861
1862
1878
1879
1880
1881
1882
1883
1899
1900
1901
1908
1909
1910
1914
1915
1916
1932
1933
1934
1935
1936
1937
1938
1939
1940
1953
1954
1955
1962
1963
1964
1965
1966
1967
1968
1969
1970
1977
1978
1979
1983
1984
1985
1998
1999
2000
2001
2002
2003
2004
2005
2006
2013
2014
2015
2025
2026
2027
2028
2029
2030
2031
2032
2033
2046
2047
2048
2049
2050
2051
2055
2056
2057
2079
2080
2081
2100
2101
2102
2106
2107
2108
2118
2119
2120
2121
2122
2123
2136
2137
2138
2148
2149
2150
2151
2152
2153
2154
2155
2156
2184
2185
2186
2202
2203
2204
2220
2221
2222
2238
2239
2240
2247
2248
2249
2250
2251
2252
2259
2260
2261
2265
2266
2267
2307
2308
2309
2319
2320
2321
2328
2329
2330
2334
2335
2336
2358
2359
2360
2367
2368
2369
2391
2392
2393
2403
2404
2405
2424
2425
2426
2445
2446
2447
2451
2452
2453
2457
2458
2459
2475
2476
2477
2490
2491
2492
2520
2521
2522
2529
2530
2531
2553
2554
2555
2568
2569
2570
2571
2572
2573
2586
2587
2588
2613
2614
2615
2628
2629
2630
2646
2647
2648
2649
2650
2651
2667
2668
2669
2685
2686
2687
2718
2719
2720
2742
2743
2744
2745
2746
2747
2748
2749
2750
2763
2764
2765
2766
2767
2768
2781
2782
2783
2796
2797
2798
2799
2800
2801
2814
2815
2816
2874
2875
2876
2907
2908
2909
2913
2914
2915
2925
2926
2927
2931
2932
2933
2958
2959
2960
3021
3022
3023
3087
3088
3089
3099
3100
3101
3102
3103
3104
3111
3112
3113
3114
3115
3116
3126
3127
3128
3135
3136
3137
3150
3151
3152
3195
3196
3197
3204
3205
3206
3228
3229
3230
3234
3235
3236
3240
3241
3242
3255
3256
3257
3264
3265
3266
3324
3325
3326
3387
3388
3389
3411
3412
3413
3417
3418
3419
3462
3463
3464
3468
3469
3470
3480
3481
3482
3510
3511
3512
3552
3553
3554
3567
3568
3569
3615
3616
3617
3630
3631
3632
3633
3634
3635
3645
3646
3647
3654
3655
3656
3666
3667
3668
3678
3679
3680
3684
3685
3686
3741
3742
3743
3756
3757
3758
3765
3766
3767
3774
3775
3776
3777
3778
3779
3786
3787
3788
3792
3793
3794
3810
3811
3812
3816
3817
3818
3837
3838
3839
3843
3844
3845
3846
3847
3848
3861
3862
3863
3870
3871
3872
3882
3883
3884
3900
3901
3902
3933
3934
3935
3939
3940
3941
3945
3946
3947
3951
3952
3953
3957
3958
3959
3963
3964
3965
3972
3973
3974
3993
3994
3995
3996
3997
3998
4020
4021
4022
4023
4024
4025
4026
4027
4028
4062
4063
4064
4065
4066
4067
4071
4072
4073
4107
4108
4109
4116
4117
4118
4119
4120
4121
4131
4132
4133
4134
4135
4136
4155
4156
4157
4170
4171
4172
4200
4201
4202
4209
4210
4211
4212
4213
4214
4215
4216
4217
4221
4222
4223
4242
4243
4244
4254
4255
4256
4263
4264
4265
4266
4267
4268
4299
4300
4301
4314
4315
4316
4317
4318
4319
4335
4336
4337
4338
4339
4340
4350
4351
4352
4374
4375
4376
4380
4381
4382
4386
4387
4388
4392
4393
4394
4404
4405
4406
4407
4408
4409
4425
4426
4427
4428
4429
4430
4434
4435
4436
4440
4441
4442
4461
4462
4463
4488
4489
4490
4491
4492
4493
4494
4495
4496
4533
4534
4535
4542
4543
4544
4551
4552
4553
4560
4561
4562
4572
4573
4574
4590
4591
4592
4611
4612
4613
4632
4633
4634
4638
4639
4640
4650
4651
4652
4692
4693
4694
4719
4720
4721
4722
4723
4724
4731
4732
4733
4737
4738
4739
4746
4747
4748
4749
4750
4751
4785
4786
4787
4803
4804
4805
4806
4807
4808
4815
4816
4817
4821
4822
4823
4860
4861
4862
4872
4873
4874
4923
4924
4925
4929
4930
4931
4953
4954
4955
4968
4969
4970
5004
5005
5006
5019
5020
5021
5022
5023
5024
5037
5038
5039
5049
5050
5051
5082
5083
5084
5100
5101
5102
5127
5128
5129
5190
5191
5192
5199
5200
5201
5226
5227
5228
5229
5230
5231
5262
5263
5264
5265
5266
5267
5307
5308
5309
5310
5311
5312
5316
5317
5318
5328
5329
5330
5334
5335
5336
5349
5350
5351
5361
5362
5363
5379
5380
5381
5385
5386
5387
5394
5395
5396
5445
5446
5447
5454
5455
5456
5493
5494
5495
5526
5527
5528
5535
5536
5537
5544
5545
5546
5550
5551
5552
5565
5566
5567
5613
5614
5615
5628
5629
5630
5634
5635
5636
5646
5647
5648
5649
5650
5651
5661
5662
5663
5670
5671
5672
5673
5674
5675
5679
5680
5681
5682
5683
5684
5685
5686
5687
5697
5698
5699
5703
5704
5705
5709
5710
5711
5724
5725
5726
5727
5728
5729
5730
5731
5732
5748
5749
5750
5754
5755
5756
5775
5776
5777
5784
5785
5786
5787
5788
5789
5790
5791
5792
5793
5794
5795
5823
5824
5825
5826
5827
5828
5829
5830
5831
5844
5845
5846
5868
5869
5870
5928
5929
5930
5955
5956
5957
5967
5968
5969
5982
5983
5984
5988
5989
5990
5994
5995
5996
6069
6070
6071
6099
6100
6101
6120
6121
6122
6153
6154
6155
6156
6157
6158
6279
6280
6281
6294
6295
6296
6369
6370
6371
6378
6379
6380
6396
6397
6398
6399
6400
6401
6417
6418
6419
6426
6427
6428
6585
6586
6587
6588
6589
6590
6591
6592
6593
6648
6649
6650
6684
6685
6686
6768
6769
6770
6798
6799
6800
6813
6814
6815
7029
7030
7031
7293
7294
7295
7431
7432
7433
7509
7510
7511
7548
7549
7550
15111
15112
15113
15120
15121
15122
15228
15229
15230
15240
15241
15242
15267
15268
15269
15276
15277
15278
15285
15286
15287
15288
15289
15290
15303
15304
15305
15321
15322
15323
15342
15343
15344
15366
15367
15368
15375
15376
15377
15393
15394
15395
15408
15409
15410
15411
15412
15413
15414
15415
15416
15507
15508
15509
15516
15517
15518
15549
15550
15551
15618
15619
15620
15627
15628
15629
15636
15637
15638
15726
15727
15728
15735
15736
15737
15759
15760
15761
15765
15766
15767
15786
15787
15788
15804
15805
15806
15813
15814
15815
15819
15820
15821
15831
15832
15833
15858
15859
15860
15882
15883
15884
15891
15892
15893
15903
15904
15905
15930
15931
15932
15960
15961
15962
15966
15967
15968
16002
16003
16004
16044
16045
16046
16056
16057
16058
16119
16120
16121
16155
16156
16157
16161
16162
16163
16179
16180
16181
16182
16183
16184
16191
16192
16193
16206
16207
16208
16215
16216
16217
16236
16237
16238
16245
16246
16247
16254
16255
16256
16275
16276
16277
16284
16285
16286
16293
16294
16295
16302
16303
16304
16314
16315
16316
16329
16330
16331
16335
16336
16337
16365
16366
16367
16383
16384
16385
16392
16393
16394
16395
16396
16397
16404
16405
16406
16407
16408
16409
16416
16417
16418
16446
16447
16448
16449
16450
16451
16452
16453
16454
16491
16492
16493
16494
16495
16496
16497
16498
16499
16509
16510
16511
16539
16540
16541
16542
16543
16544
16545
16546
16547
16554
16555
16556
16563
16564
16565
16572
16573
16574
16590
16591
16592
16593
16594
16595
16620
16621
16622
16644
16645
16646
16647
16648
16649
16656
16657
16658
16659
16660
16661
16671
16672
16673
16674
16675
16676
16692
16693
16694
16695
16696
16697
16731
16732
16733
16752
16753
16754
16788
16789
16790
16800
16801
16802
16824
16825
16826
16839
16840
16841
16866
16867
16868
16869
16870
16871
16893
16894
16895
16908
16909
16910
16917
16918
16919
16920
16921
16922
16926
16927
16928
16929
16930
16931
16932
16933
16934
16938
16939
16940
16953
16954
16955
16968
16969
16970
16977
16978
16979
16980
16981
16982
16983
16984
16985
16998
16999
17000
17013
17014
17015
17016
17017
17018
17022
17023
17024
17061
17062
17063
17064
17065
17066
17067
17068
17069
17091
17092
17093
17094
17095
17096
17097
17098
17099
17109
17110
17111
17118
17119
17120
17130
17131
17132
17142
17143
17144
17151
17152
17153
17154
17155
17156
17163
17164
17165
17166
17167
17168
17175
17176
17177
17184
17185
17186
17190
17191
17192
17193
17194
17195
17196
17197
17198
17217
17218
17219
17220
17221
17222
17226
17227
17228
17229
17230
17231
17241
17242
17243
17250
17251
17252
17265
17266
17267
17277
17278
17279
17280
17281
17282
17289
17290
17291
17301
17302
17303
17307
17308
17309
17313
17314
17315
17316
17317
17318
17325
17326
17327
17331
17332
17333
17340
17341
17342
17352
17353
17354
17376
17377
17378
17379
17380
17381
17397
17398
17399
17403
17404
17405
17409
17410
17411
17415
17416
17417
17421
17422
17423
17430
17431
17432
17433
17434
17435
17436
17437
17438
17439
17440
17441
17445
17446
17447
17466
17467
17468
17481
17482
17483
17487
17488
17489
17490
17491
17492
17493
17494
17495
17499
17500
17501
17502
17503
17504
17505
17506
17507
17508
17509
17510
17511
17512
17513
17520
17521
17522
17532
17533
17534
17541
17542
17543
17544
17545
17546
17559
17560
17561
17568
17569
17570
17571
17572
17573
17574
17575
17576
17577
17578
17579
17598
17599
17600
17610
17611
17612
17625
17626
17627
17631
17632
17633
17667
17668
17669
17682
17683
17684
17688
17689
17690
17697
17698
17699
17703
17704
17705
17709
17710
17711
17712
17713
17714
17718
17719
17720
17727
17728
17729
17736
17737
17738
17742
17743
17744
17763
17764
17765
17772
17773
17774
17775
17776
17777
17784
17785
17786
17787
17788
17789
17790
17791
17792
17793
17794
17795
17877
17878
17879
17883
17884
17885
17886
17887
17888
17889
17890
17891
17901
17902
17903
17910
17911
17912
17916
17917
17918
17925
17926
17927
17931
17932
17933
17937
17938
17939
17958
17959
17960
17964
17965
17966
17973
17974
17975
17979
17980
17981
17982
17983
17984
17991
17992
17993
18033
18034
18035
18060
18061
18062
18090
18091
18092
18108
18109
18110
18111
18112
18113
18126
18127
18128
18135
18136
18137
18138
18139
18140
18153
18154
18155
18171
18172
18173
18177
18178
18179
18183
18184
18185
18201
18202
18203
18204
18205
18206
18213
18214
18215
18219
18220
18221
18225
18226
18227
18270
18271
18272
18282
18283
18284
18288
18289
18290
18294
18295
18296
18339
18340
18341
18351
18352
18353
18360
18361
18362
18363
18364
18365
18366
18367
18368
18369
18370
18371
18378
18379
18380
18399
18400
18401
18438
18439
18440
18444
18445
18446
18456
18457
18458
18468
18469
18470
18483
18484
18485
18495
18496
18497
18498
18499
18500
18522
18523
18524
18528
18529
18530
18543
18544
18545
18549
18550
18551
18561
18562
18563
18576
18577
18578
18585
18586
18587
18591
18592
18593
18597
18598
18599
18603
18604
18605
18612
18613
18614
18618
18619
18620
18621
18622
18623
18624
18625
18626
18651
18652
18653
18669
18670
18671
18690
18691
18692
18699
18700
18701
18702
18703
18704
18717
18718
18719
18723
18724
18725
18726
18727
18728
18738
18739
18740
18741
18742
18743
18750
18751
18752
18756
18757
18758
18762
18763
18764
18774
18775
18776
18780
18781
18782
18786
18787
18788
18804
18805
18806
18819
18820
18821
18840
18841
18842
18870
18871
18872
18873
18874
18875
18876
18877
18878
18885
18886
18887
18888
18889
18890
18900
18901
18902
18903
18904
18905
18906
18907
18908
18909
18910
18911
18918
18919
18920
18945
18946
18947
18951
18952
18953
18969
18970
18971
18972
18973
18974
18981
18982
18983
18984
18985
18986
18987
18988
18989
18999
19000
19001
19002
19003
19004
19005
19006
19007
19011
19012
19013
19026
19027
19028
19041
19042
19043
19050
19051
19052
19056
19057
19058
19062
19063
19064
19068
19069
19070
19080
19081
19082
19089
19090
19091
19092
19093
19094
19095
19096
19097
19101
19102
19103
19107
19108
19109
19119
19120
19121
19122
19123
19124
19128
19129
19130
19131
19132
19133
19140
19141
19142
19155
19156
19157
19164
19165
19166
19173
19174
19175
19179
19180
19181
19185
19186
19187
19188
19189
19190
19191
19192
19193
19200
19201
19202
19203
19204
19205
19206
19207
19208
19212
19213
19214
19224
19225
19226
19227
19228
19229
19230
19231
19232
19233
19234
19235
19245
19246
19247
19257
19258
19259
19266
19267
19268
19278
19279
19280
19284
19285
19286
19290
19291
19292
19293
19294
19295
19302
19303
19304
19320
19321
19322
19323
19324
19325
19338
19339
19340
19350
19351
19352
19353
19354
19355
19356
19357
19358
19359
19360
19361
19365
19366
19367
19368
19369
19370
19374
19375
19376
19380
19381
19382
19395
19396
19397
19398
19399
19400
19401
19402
19403
19404
19405
19406
19407
19408
19409
19410
19411
19412
19413
19414
19415
19431
19432
19433
19434
19435
19436
19446
19447
19448
19452
19453
19454
19455
19456
19457
19458
19459
19460
19461
19462
19463
19467
19468
19469
19476
19477
19478
19482
19483
19484
19485
19486
19487
19497
19498
19499
19500
19501
19502
19503
19504
19505
19506
19507
19508
19518
19519
19520
19530
19531
19532
19539
19540
19541
19545
19546
19547
19548
19549
19550
19554
19555
19556
19560
19561
19562
19563
19564
19565
19566
19567
19568
19569
19570
19571
19572
19573
19574
19575
19576
19577
19584
19585
19586
19593
19594
19595
19596
19597
19598
19599
19600
19601
19608
19609
19610
19611
19612
19613
19620
19621
19622
19623
19624
19625
19626
19627
19628
19632
19633
19634
19647
19648
19649
19653
19654
19655
19662
19663
19664
19665
19666
19667
19668
19669
19670
19671
19672
19673
19674
19675
19676
19689
19690
19691
19698
19699
19700
19701
19702
19703
19704
19705
19706
19707
19708
19709
19719
19720
19721
19722
19723
19724
19725
19726
19727
19728
19729
19730
19731
19732
19733
19734
19735
19736
19737
19738
19739
19746
19747
19748
19749
19750
19751
19752
19753
19754
19755
19756
19757
19758
19759
19760
19776
19777
19778
19779
19780
19781
19782
19783
19784
19785
19786
19787
19788
19789
19790
19797
19798
19799
19800
19801
19802
19809
19810
19811
19812
19813
19814
19833
19834
19835
19839
19840
19841
19842
19843
19844
19845
19846
19847
19848
19849
19850
19851
19852
19853
19863
19864
19865
19866
19867
19868
19869
19870
19871
19872
19873
19874
19875
19876
19877
19878
19879
19880
19881
19882
19883
19884
19885
19886
19887
19888
19889
19890
19891
19892
19893
19894
19895
19896
19897
19898
19899
19900
19901
19905
19906
19907
19914
19915
19916
19917
19918
19919
19920
19921
19922
19923
19924
19925
19932
19933
19934
19938
19939
19940
19941
19942
19943
19944
19945
19946
19947
19948
19949
19956
19957
19958
19959
19960
19961
19962
19963
19964
19968
19969
19970
19971
19972
19973
19983
19984
19985
19986
19987
19988
19989
19990
19991
19992
19993
19994
19995
19996
19997
20001
20002
20003
20004
20005
20006
20007
20008
20009
20010
20011
20012
20013
20014
20015
20016
20017
20018
20028
20029
20030
20031
20032
20033
20034
20035
20036
20037
20038
20039
20043
20044
20045
20046
20047
20048
20049
20050
20051
20052
20053
20054
20055
20056
20057
20058
20059
20060
20061
20062
20063
20067
20068
20069
20070
20071
20072
20073
20074
20075
20076
20077
20078
20079
20080
20081
20082
20083
20084
20085
20086
20087
20088
20089
20090
20091
20092
20093
20094
20095
20096
20097
20098
20099
20106
20107
20108
20109
20110
20111
20118
20119
20120
20127
20128
20129
20130
20131
20132
20133
20134
20135
20136
20137
20138
20142
20143
20144
20145
20146
20147
20148
20149
20150
20151
20152
20153
20157
20158
20159
20163
20164
20165
20169
20170
20171
20172
20173
20174
20175
20176
20177
20181
20182
20183
20184
20185
20186
20187
20188
20189
20190
20191
20192
20193
20194
20195
20196
20197
20198
20199
20200
20201
20211
20212
20213
20217
20218
20219
20220
20221
20222
20226
20227
20228
20229
20230
20231
20232
20233
20234
20235
20236
20237
20238
20239
20240
20241
20242
20243
20244
20245
20246
20247
20248
20249
20250
20251
20252
20253
20254
20255
20256
20257
20258
20262
20263
20264
20268
20269
20270
20271
20272
20273
20274
20275
20276
20277
20278
20279
20280
20281
20282
20283
20284
20285
20286
20287
20288
20292
20293
20294
20301
20302
20303
20307
20308
20309
20310
20311
20312
20316
20317
20318
20322
20323
20324
20325
20326
20327
20328
20329
20330
20331
20332
20333
20334
20335
20336
20337
20338
20339
20340
20341
20342
20343
20344
20345
20346
20347
20348
20349
20350
20351
20352
20353
20354
20355
20356
20357
20358
20359
20360
20361
20362
20363
20364
20365
20366
20370
20371
20372
20373
20374
20375
20376
20377
20378
20382
20383
20384
20385
20386
20387
20388
20389
20390
20391
20392
20393
20394
20395
20396
20400
20401
20402
20406
20407
20408
20409
20410
20411
20412
20413
20414
20418
20419
20420
20421
20422
20423
20424
20425
20426
20427
20428
20429
20430
20431
20432
20433
20434
20435
20436
20437
20438
20439
20440
20441
20445
20446
20447
20448
20449
20450
20463
20464
20465
20466
20467
20468
20475
20476
20477
20478
20479
20480
20484
20485
20486
20490
20491
20492
20493
20494
20495
20496
20497
20498
20499
20500
20501
20502
20503
20504
20505
20506
20507
20508
20509
20510
20511
20512
20513
20517
20518
20519
20520
20521
20522
20526
20527
20528
20544
20545
20546
20556
20557
20558
20559
20560
20561
20562
20563
20564
20568
20569
20570
20574
20575
20576
20586
20587
20588
20604
20605
20606
20610
20611
20612
20613
20614
20615
20616
20617
20618
20622
20623
20624
20628
20629
20630
20631
20632
20633
20634
20635
20636
20643
20644
20645
20655
20656
20657
20658
20659
20660
20661
20662
20663
20673
20674
20675
20679
20680
20681
20688
20689
20690
20697
20698
20699
20706
20707
20708
20718
20719
20720
20727
20728
20729
20733
20734
20735
20739
20740
20741
20748
20749
20750
20751
20752
20753
20754
20755
20756
20769
20770
20771
20772
20773
20774
20790
20791
20792
20796
20797
20798
20805
20806
20807
20808
20809
20810
20817
20818
20819
20823
20824
20825
20832
20833
20834
20841
20842
20843
20868
20869
20870
20874
20875
20876
20877
20878
20879
20880
20881
20882
20883
20884
20885
20886
20887
20888
20892
20893
20894
20895
20896
20897
20898
20899
20900
20907
20908
20909
20931
20932
20933
20940
20941
20942
20943
20944
20945
20949
20950
20951
20952
20953
20954
20958
20959
20960
20982
20983
20984
21246
21247
21248
21255
21256
21257
21294
21295
21296
21297
21298
21299
21315
21316
21317
21357
21358
21359
21396
21397
21398
21399
21400
21401
21414
21415
21416
21417
21418
21419
21441
21442
21443
21450
21451
21452
21462
21463
21464
21468
21469
21470
21474
21475
21476
21486
21487
21488
21513
21514
21515
21540
21541
21542
21543
21544
21545
21546
21547
21548
21549
21550
21551
21552
21553
21554
21558
21559
21560
21564
21565
21566
21594
21595
21596
21606
21607
21608
21618
21619
21620
21672
21673
21674
21693
21694
21695
21738
21739
21740
21756
21757
21758
21774
21775
21776
21783
21784
21785
21819
21820
21821
21834
21835
21836
21846
21847
21848
21891
21892
21893
21897
21898
21899
21906
21907
21908
21945
21946
21947
21972
21973
21974
21987
21988
21989
21990
21991
21992
21999
22000
22001
22017
22018
22019
22044
22045
22046
22047
22048
22049
22056
22057
22058
22092
22093
22094
22098
22099
22100
22119
22120
22121
22152
22153
22154
22200
22201
22202
22212
22213
22214
22230
22231
22232
22233
22234
22235
22269
22270
22271
22296
22297
22298
22302
22303
22304
22311
22312
22313
22329
22330
22331
22338
22339
22340
22353
22354
22355
22410
22411
22412
22473
22474
22475
22491
22492
22493
22515
22516
22517
22545
22546
22547
22578
22579
22580
22587
22588
22589
22593
22594
22595
22617
22618
22619
22623
22624
22625
22647
22648
22649
22665
22666
22667
22674
22675
22676
22698
22699
22700
22716
22717
22718
22722
22723
22724
22758
22759
22760
22776
22777
22778
22806
22807
22808
22824
22825
22826
22827
22828
22829
22830
22831
22832
22854
22855
22856
22860
22861
22862
22890
22891
22892
22941
22942
22943
22971
22972
22973
22983
22984
22985
23010
23011
23012
23013
23014
23015
23031
23032
23033
23082
23083
23084
23121
23122
23123
23133
23134
23135
23148
23149
23150
23157
23158
23159
23214
23215
23216
23226
23227
23228
23232
23233
23234
23253
23254
23255
23277
23278
23279
23349
23350
23351
23352
23353
23354
23379
23380
23381
23400
23401
23402
23415
23416
23417
23424
23425
23426
23433
23434
23435
23454
23455
23456
23460
23461
23462
23463
23464
23465
23544
23545
23546
23559
23560
23561
23577
23578
23579
23583
23584
23585
23598
23599
23600
23601
23602
23603
23613
23614
23615
23634
23635
23636
23643
23644
23645
23655
23656
23657
23658
23659
23660
23664
23665
23666
23667
23668
23669
23670
23671
23672
23709
23710
23711
23727
23728
23729
23742
23743
23744
23751
23752
23753
23778
23779
23780
23796
23797
23798
23874
23875
23876
23877
23878
23879
23880
23881
23882
23889
23890
23891
23940
23941
23942
23961
23962
23963
23982
23983
23984
23994
23995
23996
24027
24028
24029
24030
24031
24032
24054
24055
24056
24060
24061
24062
24081
24082
24083
24096
24097
24098
24108
24109
24110
24147
24148
24149
24180
24181
24182
24189
24190
24191
24204
24205
24206
24210
24211
24212
24216
24217
24218
24222
24223
24224
24288
24289
24290
24300
24301
24302
24303
24304
24305
24324
24325
24326
24378
24379
24380
24381
24382
24383
24384
24385
24386
24411
24412
24413
24414
24415
24416
24417
24418
24419
24444
24445
24446
24453
24454
24455
24519
24520
24521
24558
24559
24560
24576
24577
24578
24603
24604
24605
24621
24622
24623
24663
24664
24665
24717
24718
24719
24753
24754
24755
24780
24781
24782
24786
24787
24788
24789
24790
24791
24801
24802
24803
24804
24805
24806
24807
24808
24809
24810
24811
24812
24816
24817
24818
24837
24838
24839
24849
24850
24851
24876
24877
24878
24888
24889
24890
24894
24895
24896
24909
24910
24911
24924
24925
24926
24945
24946
24947
24948
24949
24950
24951
24952
24953
24978
24979
24980
24984
24985
24986
24999
25000
25001
25020
25021
25022
25056
25057
25058
25068
25069
25070
25086
25087
25088
25101
25102
25103
25125
25126
25127
25143
25144
25145
25164
25165
25166
25167
25168
25169
25206
25207
25208
25224
25225
25226
25230
25231
25232
25242
25243
25244
25254
25255
25256
25260
25261
25262
25284
25285
25286
25305
25306
25307
25311
25312
25313
25320
25321
25322
25368
25369
25370
25398
25399
25400
25416
25417
25418
25434
25435
25436
25443
25444
25445
25455
25456
25457
25473
25474
25475
25476
25477
25478
25485
25486
25487
25494
25495
25496
25518
25519
25520
25533
25534
25535
25557
25558
25559
25560
25561
25562
25575
25576
25577
25587
25588
25589
25590
25591
25592
25602
25603
25604
25608
25609
25610
25623
25624
25625
25626
25627
25628
25641
25642
25643
25644
25645
25646
25656
25657
25658
25668
25669
25670
25677
25678
25679
25680
25681
25682
25692
25693
25694
25710
25711
25712
25731
25732
25733
25755
25756
25757
25770
25771
25772
25791
25792
25793
25803
25804
25805
25809
25810
25811
25821
25822
25823
25851
25852
25853
25860
25861
25862
25869
25870
25871
25908
25909
25910
25914
25915
25916
25941
25942
25943
25947
25948
25949
25950
25951
25952
25953
25954
25955
25986
25987
25988
25995
25996
25997
26025
26026
26027
26031
26032
26033
26034
26035
26036
26037
26038
26039
26043
26044
26045
26058
26059
26060
26064
26065
26066
26070
26071
26072
26082
26083
26084
26103
26104
26105
26112
26113
26114
26124
26125
26126
26136
26137
26138
26151
26152
26153
26157
26158
26159
26214
26215
26216
26271
26272
26273
26292
26293
26294
26316
26317
26318
26331
26332
26333
26343
26344
26345
26346
26347
26348
26361
26362
26363
26364
26365
26366
26367
26368
26369
26382
26383
26384
26388
26389
26390
26406
26407
26408
26433
26434
26435
26439
26440
26441
26442
26443
26444
26463
26464
26465
26478
26479
26480
26487
26488
26489
26508
26509
26510
26529
26530
26531
26538
26539
26540
26556
26557
26558
26574
26575
26576
26604
26605
26606
26619
26620
26621
26622
26623
26624
26625
26626
26627
26628
26629
26630
26634
26635
26636
26643
26644
26645
26658
26659
26660
26703
26704
26705
26724
26725
26726
26742
26743
26744
26748
26749
26750
26766
26767
26768
26784
26785
26786
26787
26788
26789
26790
26791
26792
26832
26833
26834
26838
26839
26840
26847
26848
26849
26868
26869
26870
26886
26887
26888
26892
26893
26894
26952
26953
26954
26982
26983
26984
26985
26986
26987
26988
26989
26990
26991
26992
26993
27027
27028
27029
27033
27034
27035
27036
27037
27038
27054
27055
27056
27057
27058
27059
27069
27070
27071
27075
27076
27077
27093
27094
27095
27096
27097
27098
27105
27106
27107
27111
27112
27113
27129
27130
27131
27165
27166
27167
27171
27172
27173
27189
27190
27191
27216
27217
27218
27234
27235
27236
27252
27253
27254
27261
27262
27263
27291
27292
27293
27297
27298
27299
27300
27301
27302
27315
27316
27317
27348
27349
27350
27366
27367
27368
27375
27376
27377
27405
27406
27407
27462
27463
27464
27477
27478
27479
27489
27490
27491
27522
27523
27524
27531
27532
27533
27540
27541
27542
27564
27565
27566
27576
27577
27578
27588
27589
27590
27591
27592
27593
27600
27601
27602
27615
27616
27617
27630
27631
27632
27648
27649
27650
27651
27652
27653
27660
27661
27662
27684
27685
27686
27720
27721
27722
27747
27748
27749
27756
27757
27758
27759
27760
27761
27771
27772
27773
27777
27778
27779
27786
27787
27788
27810
27811
27812
27819
27820
27821
27840
27841
27842
27846
27847
27848
27858
27859
27860
27861
27862
27863
27894
27895
27896
27918
27919
27920
27930
27931
27932
27951
27952
27953
28002
28003
28004
28017
28018
28019
28038
28039
28040
28041
28042
28043
28053
28054
28055
28074
28075
28076
28089
28090
28091
28101
28102
28103
28107
28108
28109
28125
28126
28127
28134
28135
28136
28197
28198
28199
28206
28207
28208
28221
28222
28223
28224
28225
28226
28287
28288
28289
28326
28327
28328
28356
28357
28358
28404
28405
28406
28425
28426
28427
28434
28435
28436
28452
28453
28454
28521
28522
28523
28530
28531
28532
28548
28549
28550
28554
28555
28556
28608
28609
28610
28617
28618
28619
28620
28621
28622
28638
28639
28640
28644
28645
28646
28701
28702
28703
28719
28720
28721
28731
28732
28733
28752
28753
28754
28758
28759
28760
28764
28765
28766
28776
28777
28778
28803
28804
28805
28824
28825
28826
28839
28840
28841
28866
28867
28868
28923
28924
28925
28929
28930
28931
28935
28936
28937
28941
28942
28943
29016
29017
29018
29061
29062
29063
29103
29104
29105
29124
29125
29126
29133
29134
29135
29142
29143
29144
29151
29152
29153
29166
29167
29168
29169
29170
29171
29181
29182
29183
29190
29191
29192
29208
29209
29210
29217
29218
29219
29220
29221
29222
29223
29224
29225
29244
29245
29246
29256
29257
29258
29280
29281
29282
29286
29287
29288
29289
29290
29291
29322
29323
29324
29358
29359
29360
29376
29377
29378
29382
29383
29384
29403
29404
29405
29430
29431
29432
29433
29434
29435
29442
29443
29444
29463
29464
29465
29481
29482
29483
29490
29491
29492
29532
29533
29534
29538
29539
29540
29541
29542
29543
29568
29569
29570
29589
29590
29591
29598
29599
29600
29613
29614
29615
29643
29644
29645
29667
29668
29669
29709
29710
29711
29736
29737
29738
29766
29767
29768
29769
29770
29771
29778
29779
29780
29793
29794
29795
29805
29806
29807
29826
29827
29828
29838
29839
29840
29844
29845
29846
29850
29851
29852
29853
29854
29855
29904
29905
29906
29925
29926
29927
29928
29929
29930
29934
29935
29936
29949
29950
29951
30009
30010
30011
30012
30013
30014
30018
30019
30020
30027
30028
30029
30066
30067
30068
30114
30115
30116
30123
30124
30125
30144
30145
30146
30147
30148
30149
30153
30154
30155
30156
30157
30158
30174
30175
30176
30189
30190
30191
30216
30217
30218
30252
30253
30254
30255
30256
30257
30285
30286
30287
30288
30289
30290
30294
30295
30296
30333
30334
30335
30378
30379
30380
30387
30388
30389
30417
30418
30419
30420
30421
30422
30429
30430
30431
30438
30439
30440
30465
30466
30467
30513
30514
30515
30516
30517
30518
30540
30541
30542
30591
30592
30593
30618
30619
30620
30621
30622
30623
30633
30634
30635
30648
30649
30650
30699
30700
30701
30708
30709
30710
30903
30904
30905
30912
30913
30914
30921
30922
30923
30924
30925
30926
30927
30928
30929
30930
30931
30932
30933
30934
30935
30954
30955
30956
30960
30961
30962
30975
30976
30977
30990
30991
30992
30999
31000
31001
31014
31015
31016
31020
31021
31022
31023
31024
31025
31026
31027
31028
31029
31030
31031
31032
31033
31034
31035
31036
31037
31059
31060
31061
31065
31066
31067
31077
31078
31079
31080
31081
31082
31095
31096
31097
31101
31102
31103
31104
31105
31106
31107
31108
31109
31221
31222
31223
31224
31225
31226
31245
31246
31247
31293
31294
31295
31344
31345
31346
31356
31357
31358
31374
31375
31376
31377
31378
31379
31380
31381
31382
31383
31384
31385
31386
31387
31388
31392
31393
31394
31395
31396
31397
31482
31483
31484
31488
31489
31490
31518
31519
31520
31524
31525
31526
31527
31528
31529
31539
31540
31541
31560
31561
31562
31593
31594
31595
31602
31603
31604
31632
31633
31634
31638
31639
31640
31659
31660
31661
31668
31669
31670
31683
31684
31685
31701
31702
31703
31740
31741
31742
31761
31762
31763
31818
31819
31820
31836
31837
31838
31842
31843
31844
31845
31846
31847
31848
31849
31850
31857
31858
31859
31902
31903
31904
31926
31927
31928
31935
31936
31937
31941
31942
31943
31950
31951
31952
31968
31969
31970
31998
31999
32000
32034
32035
32036
32037
32038
32039
32040
32041
32042
32043
32044
32045
32085
32086
32087
32094
32095
32096
32124
32125
32126
32160
32161
32162
32166
32167
32168
32190
32191
32192
32193
32194
32195
32220
32221
32222
32256
32257
32258
32259
32260
32261
32277
32278
32279
32289
32290
32291
32301
32302
32303
32310
32311
32312
32334
32335
32336
32337
32338
32339
32352
32353
32354
32379
32380
32381
32427
32428
32429
32442
32443
32444
32466
32467
32468
32496
32497
32498
32505
32506
32507
32514
32515
32516
32535
32536
32537
32550
32551
32552
32556
32557
32558
32559
32560
32561
32568
32569
32570
32571
32572
32573
32574
32575
32576
32589
32590
32591
32601
32602
32603
32604
32605
32606
32613
32614
32615
32616
32617
32618
32625
32626
32627
32628
32629
32630
32634
32635
32636
32637
32638
32639
32655
32656
32657
32664
32665
32666
32667
32668
32669
32685
32686
32687
32691
32692
32693
32706
32707
32708
32709
32710
32711
32721
32722
32723
32733
32734
32735
32766
32767
32768
32793
32794
32795
32805
32806
32807
32808
32809
32810
32820
32821
32822
32862
32863
32864
32865
32866
32867
32868
32869
32870
32889
32890
32891
32898
32899
32900
32916
32917
32918
32928
32929
32930
32934
32935
32936
32946
32947
32948
33003
33004
33005
33015
33016
33017
33039
33040
33041
33042
33043
33044
33051
33052
33053
33078
33079
33080
33081
33082
33083
33177
33178
33179
33279
33280
33281
33294
33295
33296
33297
33298
33299
33303
33304
33305
33327
33328
33329
33336
33337
33338
33348
33349
33350
33360
33361
33362
33375
33376
33377
33426
33427
33428
33447
33448
33449
33453
33454
33455
33459
33460
33461
33522
33523
33524
33528
33529
33530
33555
33556
33557
33561
33562
33563
33576
33577
33578
33615
33616
33617
33675
33676
33677
33687
33688
33689
33690
33691
33692
33732
33733
33734
33735
33736
33737
33741
33742
33743
33747
33748
33749
33792
33793
33794
33807
33808
33809
33828
33829
33830
33843
33844
33845
33849
33850
33851
33864
33865
33866
33876
33877
33878
33885
33886
33887
33897
33898
33899
33909
33910
33911
33915
33916
33917
33927
33928
33929
33945
33946
33947
33954
33955
33956
33966
33967
33968
33969
33970
33971
33975
33976
33977
33990
33991
33992
34002
34003
34004
34020
34021
34022
34041
34042
34043
34053
34054
34055
34056
34057
34058
34089
34090
34091
34101
34102
34103
34110
34111
34112
34113
34114
34115
34128
34129
34130
34131
34132
34133
34134
34135
34136
34149
34150
34151
34167
34168
34169
34203
34204
34205
34212
34213
34214
34221
34222
34223
34248
34249
34250
34251
34252
34253
34281
34282
34283
34302
34303
34304
34317
34318
34319
34341
34342
34343
34359
34360
34361
34371
34372
34373
34377
34378
34379
34380
34381
34382
34413
34414
34415
34446
34447
34448
34452
34453
34454
34461
34462
34463
34464
34465
34466
34476
34477
34478
34488
34489
34490
34491
34492
34493
34530
34531
34532
34560
34561
34562
34569
34570
34571
34602
34603
34604
34605
34606
34607
34614
34615
34616
34617
34618
34619
34623
34624
34625
34635
34636
34637
34638
34639
34640
34644
34645
34646
34647
34648
34649
34659
34660
34661
34674
34675
34676
34683
34684
34685
34689
34690
34691
34698
34699
34700
34707
34708
34709
34713
34714
34715
34716
34717
34718
34734
34735
34736
34737
34738
34739
34767
34768
34769
34782
34783
34784
34824
34825
34826
34842
34843
34844
34857
34858
34859
34893
34894
34895
34899
34900
34901
34908
34909
34910
34920
34921
34922
34929
34930
34931
34956
34957
34958
34971
34972
34973
34977
34978
34979
34980
34981
34982
34983
34984
34985
34986
34987
34988
34992
34993
34994
35010
35011
35012
35049
35050
35051
35082
35083
35084
35088
35089
35090
35094
35095
35096
35115
35116
35117
35145
35146
35147
35187
35188
35189
35193
35194
35195
35214
35215
35216
35217
35218
35219
35223
35224
35225
35232
35233
35234
35274
35275
35276
35277
35278
35279
35304
35305
35306
35313
35314
35315
35328
35329
35330
35391
35392
35393
35436
35437
35438
35454
35455
35456
35493
35494
35495
35505
35506
35507
35514
35515
35516
35529
35530
35531
35541
35542
35543
35601
35602
35603
35646
35647
35648
35664
35665
35666
35685
35686
35687
35706
35707
35708
35733
35734
35735
35736
35737
35738
35781
35782
35783
35802
35803
35804
35808
35809
35810
35838
35839
35840
35868
35869
35870
35889
35890
35891
35913
35914
35915
35934
35935
35936
35949
35950
35951
35970
35971
35972
35994
35995
35996
36015
36016
36017
36018
36019
36020
36030
36031
36032
36069
36070
36071
36102
36103
36104
36111
36112
36113
36168
36169
36170
36207
36208
36209
36210
36211
36212
36213
36214
36215
36216
36217
36218
36225
36226
36227
36258
36259
36260
36282
36283
36284
36285
36286
36287
36291
36292
36293
36339
36340
36341
36351
36352
36353
36372
36373
36374
36378
36379
36380
36450
36451
36452
36453
36454
36455
36456
36457
36458
36459
36460
36461
36471
36472
36473
36489
36490
36491
36516
36517
36518
36522
36523
36524
36528
36529
36530
36540
36541
36542
36603
36604
36605
36612
36613
36614
36618
36619
36620
36630
36631
36632
36642
36643
36644
36696
36697
36698
36738
36739
36740
36747
36748
36749
36750
36751
36752
36792
36793
36794
36816
36817
36818
36819
36820
36821
36870
36871
36872
36879
36880
36881
36885
36886
36887
36888
36889
36890
36900
36901
36902
36903
36904
36905
36927
36928
36929
36930
36931
36932
36954
36955
36956
36978
36979
36980
37026
37027
37028
37038
37039
37040
37080
37081
37082
37104
37105
37106
37110
37111
37112
37116
37117
37118
37191
37192
37193
37197
37198
37199
37200
37201
37202
37212
37213
37214
37227
37228
37229
37245
37246
37247
37257
37258
37259
37263
37264
37265
37275
37276
37277
37287
37288
37289
37338
37339
37340
37350
37351
37352
37374
37375
37376
37377
37378
37379
37410
37411
37412
37425
37426
37427
37437
37438
37439
37455
37456
37457
37509
37510
37511
37536
37537
37538
37593
37594
37595
37611
37612
37613
37614
37615
37616
37665
37666
37667
37668
37669
37670
37674
37675
37676
37713
37714
37715
37740
37741
37742
37743
37744
37745
37785
37786
37787
37794
37795
37796
37812
37813
37814
37833
37834
37835
37839
37840
37841
37869
37870
37871
37893
37894
37895
37908
37909
37910
37920
37921
37922
37923
37924
37925
37941
37942
37943
37944
37945
37946
37950
37951
37952
37968
37969
37970
38001
38002
38003
38007
38008
38009
38043
38044
38045
38097
38098
38099
38154
38155
38156
38163
38164
38165
38211
38212
38213
38217
38218
38219
38223
38224
38225
38247
38248
38249
38271
38272
38273
38274
38275
38276
38289
38290
38291
38304
38305
38306
38325
38326
38327
38328
38329
38330
38355
38356
38357
38370
38371
38372
38394
38395
38396
38415
38416
38417
38424
38425
38426
38439
38440
38441
38445
38446
38447
38457
38458
38459
38466
38467
38468
38478
38479
38480
38481
38482
38483
38484
38485
38486
38493
38494
38495
38499
38500
38501
38502
38503
38504
38565
38566
38567
38574
38575
38576
38613
38614
38615
38637
38638
38639
38685
38686
38687
38712
38713
38714
38727
38728
38729
38751
38752
38753
38754
38755
38756
38760
38761
38762
38793
38794
38795
38847
38848
38849
38856
38857
38858
38859
38860
38861
38898
38899
38900
38916
38917
38918
38922
38923
38924
38943
38944
38945
38955
38956
38957
38970
38971
38972
38985
38986
38987
39006
39007
39008
39009
39010
39011
39030
39031
39032
39039
39040
39041
39060
39061
39062
39078
39079
39080
39081
39082
39083
39087
39088
39089
39096
39097
39098
39099
39100
39101
39108
39109
39110
39126
39127
39128
39138
39139
39140
39150
39151
39152
39180
39181
39182
39198
39199
39200
39207
39208
39209
39237
39238
39239
39246
39247
39248
39249
39250
39251
39288
39289
39290
39291
39292
39293
39348
39349
39350
39357
39358
39359
39366
39367
39368
39369
39370
39371
39375
39376
39377
39378
39379
39380
39381
39382
39383
39393
39394
39395
39402
39403
39404
39408
39409
39410
39411
39412
39413
39423
39424
39425
39429
39430
39431
39447
39448
39449
39450
39451
39452
39456
39457
39458
39474
39475
39476
39477
39478
39479
39519
39520
39521
39564
39565
39566
39591
39592
39593
39636
39637
39638
39666
39667
39668
39672
39673
39674
39702
39703
39704
39720
39721
39722
39735
39736
39737
39741
39742
39743
39744
39745
39746
39747
39748
39749
39756
39757
39758
39762
39763
39764
39777
39778
39779
39795
39796
39797
39810
39811
39812
39822
39823
39824
39840
39841
39842
39852
39853
39854
39858
39859
39860
39885
39886
39887
39897
39898
39899
39918
39919
39920
39924
39925
39926
39939
39940
39941
40029
40030
40031
40044
40045
40046
40071
40072
40073
40086
40087
40088
40119
40120
40121
40149
40150
40151
40152
40153
40154
40188
40189
40190
40197
40198
40199
40203
40204
40205
40206
40207
40208
40257
40258
40259
40269
40270
40271
40287
40288
40289
40305
40306
40307
40338
40339
40340
40341
40342
40343
40344
40345
40346
40380
40381
40382
40425
40426
40427
40431
40432
40433
40455
40456
40457
40464
40465
40466
40467
40468
40469
40479
40480
40481
40527
40528
40529
40536
40537
40538
40551
40552
40553
40554
40555
40556
40572
40573
40574
40590
40591
40592
40611
40612
40613
40629
40630
40631
40647
40648
40649
40662
40663
40664
40677
40678
40679
40698
40699
40700
40707
40708
40709
40713
40714
40715
40719
40720
40721
40767
40768
40769
40770
40771
40772
40773
40774
40775
40776
40777
40778
40785
40786
40787
40803
40804
40805
40866
40867
40868
40869
40870
40871
40905
40906
40907
40941
40942
40943
40953
40954
40955
40956
40957
40958
40962
40963
40964
41022
41023
41024
41049
41050
41051
41061
41062
41063
41070
41071
41072
41079
41080
41081
41097
41098
41099
41100
41101
41102
41103
41104
41105
41124
41125
41126
41139
41140
41141
41217
41218
41219
41223
41224
41225
41241
41242
41243
41250
41251
41252
41259
41260
41261
41262
41263
41264
41268
41269
41270
41280
41281
41282
41292
41293
41294
41301
41302
41303
41307
41308
41309
41325
41326
41327
41328
41329
41330
41331
41332
41333
41337
41338
41339
41349
41350
41351
41352
41353
41354
41382
41383
41384
41448
41449
41450
41454
41455
41456
41457
41458
41459
41466
41467
41468
41478
41479
41480
41493
41494
41495
41511
41512
41513
41523
41524
41525
41526
41527
41528
41535
41536
41537
41547
41548
41549
41550
41551
41552
41559
41560
41561
41571
41572
41573
41589
41590
41591
41628
41629
41630
41640
41641
41642
41676
41677
41678
41682
41683
41684
41730
41731
41732
41775
41776
41777
41784
41785
41786
41799
41800
41801
41802
41803
41804
41805
41806
41807
41808
41809
41810
41820
41821
41822
41856
41857
41858
41892
41893
41894
41904
41905
41906
41925
41926
41927
41928
41929
41930
41958
41959
41960
41961
41962
41963
41964
41965
41966
41988
41989
41990
42006
42007
42008
42024
42025
42026
42036
42037
42038
42051
42052
42053
42108
42109
42110
42159
42160
42161
42162
42163
42164
42165
42166
42167
42171
42172
42173
42204
42205
42206
42234
42235
42236
42246
42247
42248
42336
42337
42338
42384
42385
42386
42393
42394
42395
42405
42406
42407
42408
42409
42410
42426
42427
42428
42429
42430
42431
42477
42478
42479
42483
42484
42485
42519
42520
42521
42546
42547
42548
42555
42556
42557
42561
42562
42563
42636
42637
42638
