1221
1527
1528
1529
1707
1708
1709
1902
1903
1904
2973
2974
2975
3168
3169
3170
3327
3328
3329
3438
3439
3440
3558
3559
3560
3693
3694
3695
4626
4627
4628
4683
4684
4685
5397
5398
5399
5589
5590
5591
5751
5752
5753
5865
5866
5867
5883
5884
5885
6003
6004
6005
6006
6007
6008
6063
6064
6065
6132
6133
6134
6165
6166
6167
6219
6220
6221
6237
6238
6239
6363
6364
6365
6366
6367
6368
6453
6454
6455
6471
6472
6473
6516
6517
6518
6570
6571
6572
6600
6601
6602
6618
6619
6620
6627
6628
6629
6633
6634
6635
6636
6637
6638
6696
6697
6698
6702
6703
6704
6789
6790
6791
6837
6838
6839
6852
6853
6854
6876
6877
6878
6924
6925
6926
6996
6997
6998
7020
7021
7022
7023
7024
7025
7035
7036
7037
7053
7054
7055
7074
7075
7076
7077
7078
7079
7110
7111
7112
7113
7114
7115
7206
7207
7208
7212
7213
7214
7263
7264
7265
7305
7306
7307
7320
7321
7322
7368
7369
7370
7380
7381
7382
7413
7414
7415
7416
7417
7418
7512
7513
7514
7515
7516
7517
7545
7546
7547
7575
7576
7577
7581
7582
7583
7665
7666
7667
7692
7693
7694
7734
7735
7736
7746
7747
7748
7752
7753
7754
7770
7771
7772
7782
7783
7784
7794
7795
7796
7824
7825
7826
7830
7831
7832
7833
7834
7835
7836
7837
7838
7851
7852
7853
7860
7861
7862
7917
7918
7919
7929
7930
7931
7941
7942
7943
7944
7945
7946
7962
7963
7964
7983
7984
7985
8019
8020
8021
8049
8050
8051
8061
8062
8063
8070
8071
8072
8112
8113
8114
8130
8131
8132
8136
8137
8138
8163
8164
8165
8190
8191
8192
8196
8197
8198
8202
8203
8204
8220
8221
8222
8232
8233
8234
8268
8269
8270
8283
8284
8285
8307
8308
8309
8313
8314
8315
8316
8317
8318
8325
8326
8327
8337
8338
8339
8466
8467
8468
8496
8497
8498
8499
8500
8501
8532
8533
8534
8643
8644
8645
8688
8689
8690
8715
8716
8717
8754
8755
8756
8778
8779
8780
8880
8881
8882
8886
8887
8888
8925
8926
8927
8934
8935
8936
8991
8992
8993
9009
9010
9011
9018
9019
9020
9039
9040
9041
9042
9043
9044
9072
9073
9074
9213
9214
9215
9252
9253
9254
9288
9289
9290
9390
9391
9392
9438
9439
9440
9615
9616
9617
9657
9658
9659
9792
9793
9794
9795
9796
9797
9810
9811
9812
9885
9886
9887
9939
9940
9941
9969
9970
9971
10026
10027
10028
10041
10042
10043
10059
10060
10061
10065
10066
10067
10203
10204
10205
10206
10207
10208
10281
10282
10283
10305
10306
10307
10308
10309
10310
10359
10360
10361
10422
10423
10424
10440
10441
10442
10458
10459
10460
10506
10507
10508
10545
10546
10547
10566
10567
10568
10746
10747
10748
10830
10831
10832
10836
10837
10838
10854
10855
10856
10884
10885
10886
10899
10900
10901
10959
10960
10961
11088
11089
11090
11121
11122
11123
11322
11323
11324
11337
11338
11339
11352
11353
11354
11469
11470
11471
11667
11668
11669
11697
11698
11699
11727
11728
11729
11757
11758
11759
12075
12076
12077
12366
12367
12368
12591
12592
12593
12663
12664
12665
12777
12778
12779
12798
12799
12800
12879
12880
12881
12912
12913
12914
12933
12934
12935
12954
12955
12956
12975
12976
12977
13167
13168
13169
13203
13204
13205
13353
13354
13355
13443
13444
13445
13611
13612
13613
13671
13672
13673
13677
13678
13679
13683
13684
13685
13710
13711
13712
13731
13732
13733
13839
13840
13841
14001
14002
14003
14070
14071
14072
14271
14272
14273
14310
14311
14312
14382
14383
14384
14385
14386
14387
14448
14449
14450
14454
14455
14456
14463
14464
14465
14529
14530
14531
14532
14533
14534
14628
14629
14630
14658
14659
14660
14667
14668
14669
14703
14704
14705
14856
14857
14858
14871
14872
14873
14988
14989
14990
15054
15055
15056
15162
15163
15164
15192
15193
15194
15327
15328
15329
15348
15349
15350
21699
21700
21701
21933
21934
21935
22035
22036
22037
22059
22060
22061
22314
22315
22316
22335
22336
22337
22368
22369
22370
22377
22378
22379
22392
22393
22394
22395
22396
22397
22431
22432
22433
22563
22564
22565
22608
22609
22610
22653
22654
22655
22707
22708
22709
22791
22792
22793
22794
22795
22796
22836
22837
22838
22857
22858
22859
22863
22864
22865
22893
22894
22895
22935
22936
22937
23190
23191
23192
23199
23200
23201
23208
23209
23210
23499
23500
23501
23517
23518
23519
23562
23563
23564
23589
23590
23591
23649
23650
23651
23862
23863
23864
24042
24043
24044
24138
24139
24140
24213
24214
24215
24261
24262
24263
24351
24352
24353
24366
24367
24368
24372
24373
24374
24402
24403
24404
24654
24655
24656
24687
24688
24689
24867
24868
24869
24975
24976
24977
25248
25249
25250
25392
25393
25394
25647
25648
25649
25968
25969
25970
26061
26062
26063
26223
26224
26225
26436
26437
26438
26646
26647
26648
26736
26737
26738
26754
26755
26756
26814
26815
26816
26820
26821
26822
26853
26854
26855
26940
26941
26942
27090
27091
27092
27147
27148
27149
27153
27154
27155
27195
27196
27197
27246
27247
27248
27258
27259
27260
27465
27466
27467
27519
27520
27521
27618
27619
27620
27966
27967
27968
28020
28021
28022
28272
28273
28274
28395
28396
28397
28407
28408
28409
28413
28414
28415
28464
28465
28466
28524
28525
28526
28599
28600
28601
28629
28630
28631
28779
28780
28781
28893
28894
28895
28956
28957
28958
29064
29065
29066
29076
29077
29078
29271
29272
29273
29307
29308
29309
29370
29371
29372
29754
29755
29756
29811
29812
29813
29841
29842
29843
29865
29866
29867
29961
29962
29963
29979
29980
29981
30024
30025
30026
30315
30316
30317
30492
30493
30494
30561
30562
30563
30570
30571
30572
30639
30640
30641
30654
30655
30656
30705
30706
30707
31155
31156
31157
31260
31261
31262
31449
31450
31451
31452
31453
31454
31467
31468
31469
31614
31615
31616
31623
31624
31625
31653
31654
31655
31698
31699
31700
31704
31705
31706
31815
31816
31817
32025
32026
32027
32127
32128
32129
32130
32131
32132
32547
32548
32549
32832
32833
32834
33483
33484
33485
33666
33667
33668
33672
33673
33674
33708
33709
33710
33993
33994
33995
34032
34033
34034
34137
34138
34139
34185
34186
34187
34227
34228
34229
34239
34240
34241
34368
34369
34370
34437
34438
34439
34443
34444
34445
34563
34564
34565
34923
34924
34925
35286
35287
35288
35307
35308
35309
35502
35503
35504
35535
35536
35537
35850
35851
35852
36318
36319
36320
36468
36469
36470
36600
36601
36602
36648
36649
36650
36717
36718
36719
36777
36778
36779
37446
37447
37448
37518
37519
37520
37584
37585
37586
37626
37627
37628
37650
37651
37652
37653
37654
37655
37761
37762
37763
37803
37804
37805
37896
37897
37898
37980
37981
37982
38205
38206
38207
38244
38245
38246
38286
38287
38288
38442
38443
38444
38568
38569
38570
38640
38641
38642
38667
38668
38669
38820
38821
38822
38850
38851
38852
39012
39013
39014
39468
39469
39470
39471
39472
39473
39561
39562
39563
39705
39706
39707
39708
39709
39710
39726
39727
39728
39927
39928
39929
40008
40009
40010
40035
40036
40037
40110
40111
40112
40140
40141
40142
40161
40162
40163
40227
40228
40229
40347
40348
40349
40386
40387
40388
40533
40534
40535
40722
40723
40724
40848
40849
40850
40911
40912
40913
41031
41032
41033
41034
41035
41036
41160
41161
41162
41190
41191
41192
41379
41380
41381
41481
41482
41483
41817
41818
41819
42096
42097
42098
42141
42142
42143
42273
42274
42275
42492
42493
42494
42705
42706
42707
42732
42733
42734
42735
42736
42737
