321
1308
1309
1310
1311
1312
1313
1443
1444
1445
1452
1453
1454
1635
1636
1637
1896
1897
1898
1905
1906
1907
2004
2005
2006
2013
2014
2015
2265
2266
2267
2562
2563
2564
2688
2689
2690
3033
3034
3035
3036
3037
3038
3513
3514
3515
3663
3664
3665
3783
3784
3785
4221
4222
4223
4422
4423
4424
5133
5134
5135
5142
5143
5144
5388
5389
5390
5394
5395
5396
5637
5638
5639
5763
5764
5765
6096
6097
6098
6105
6106
6107
6909
6910
6911
7044
7045
7046
7146
7147
7148
7455
7456
7457
7548
7549
7550
7761
7762
7763
7920
7921
7922
8373
8374
8375
8958
8959
8960
10290
10291
10292
10545
10546
10547
10692
10693
10694
10809
10810
10811
11271
11272
11273
12606
12607
12608
12801
12802
12803
13098
13099
13100
13101
13102
13103
13227
13228
13229
13353
13354
13355
13356
13357
13358
13506
13507
13508
13647
13648
13649
13902
13903
13904
20706
20707
20708
21309
21310
21311
21462
21463
21464
21489
21490
21491
22347
22348
22349
22755
22756
22757
22788
22789
22790
23169
23170
23171
23184
23185
23186
23397
23398
23399
23460
23461
23462
23541
23542
23543
23982
23983
23984
24459
24460
24461
25425
25426
25427
25524
25525
25526
25632
25633
25634
25677
25678
25679
25848
25849
25850
26496
26497
26498
26577
26578
26579
26754
26755
26756
27312
27313
27314
27759
27760
27761
28368
28369
28370
28692
28693
28694
29022
29023
29024
29580
29581
29582
32547
32548
32549
32754
32755
32756
33411
33412
33413
33780
33781
33782
34458
34459
34460
34605
34606
34607
35217
35218
35219
35565
35566
35567
35631
35632
35633
36033
36034
36035
36459
36460
36461
36501
36502
36503
36975
36976
36977
37218
37219
37220
37977
37978
37979
38214
38215
38216
38676
38677
38678
38784
38785
38786
38997
38998
38999
39198
39199
39200
39228
39229
39230
39231
39232
39233
39354
39355
39356
39687
39688
39689
39918
39919
39920
39972
39973
39974
40089
40090
40091
40353
40354
40355
