147
54
55
56
111
112
113
168
169
170
225
226
227
282
283
284
339
340
341
396
397
398
453
454
455
510
511
512
567
568
569
624
625
626
681
682
683
684
685
686
687
688
689
690
691
692
693
694
695
921
922
923
1086
1087
1088
1251
1252
1253
1416
1417
1418
1581
1582
1583
1746
1747
1748
1911
1912
1913
2076
2077
2078
2241
2242
2243
2406
2407
2408
2571
2572
2573
2685
2686
2687
2688
2689
2690
2691
2692
2693
2694
2695
2696
2697
2698
2699
2700
2701
2702
2703
2704
2705
2706
2707
2708
2709
2710
2711
2712
2713
2714
2715
2716
2717
2718
2719
2720
2721
2722
2723
2724
2725
2726
2727
2728
2729
2730
2731
2732
2733
2734
2735
2736
2737
2738
2739
2740
2741
2742
2743
2744
2745
2746
2747
2748
2749
2750
