294
0
1
2
54
55
56
57
58
59
111
112
113
114
115
116
168
169
170
171
172
173
225
226
227
228
229
230
282
283
284
285
286
287
339
340
341
342
343
344
396
397
398
399
400
401
453
454
455
456
457
458
510
511
512
513
514
515
567
568
569
570
571
572
624
625
626
627
628
629
681
682
683
684
685
686
687
688
689
690
691
692
693
694
695
696
697
698
699
700
701
702
703
704
705
706
707
720
721
722
921
922
923
936
937
938
1086
1087
1088
1101
1102
1103
1251
1252
1253
1266
1267
1268
1416
1417
1418
1431
1432
1433
1581
1582
1583
1596
1597
1598
1746
1747
1748
1761
1762
1763
1911
1912
1913
1926
1927
1928
2076
2077
2078
2091
2092
2093
2241
2242
2243
2256
2257
2258
2406
2407
2408
2421
2422
2423
2571
2572
2573
2583
2584
2585
2685
2686
2687
2688
2689
2690
2691
2692
2693
2694
2695
2696
2697
2698
2699
2700
2701
2702
2703
2704
2705
2706
2707
2708
2709
2710
2711
2712
2713
2714
2715
2716
2717
2718
2719
2720
2721
2722
2723
2724
2725
2726
2727
2728
2729
2730
2731
2732
2733
2734
2735
2736
2737
2738
2739
2740
2741
2742
2743
2744
2745
2746
2747
2748
2749
2750
2751
2752
2753
2754
2755
2756
2757
2758
2759
2760
2761
2762
2763
2764
2765
2766
2767
2768
2769
2770
2771
2772
2773
2774
2775
2776
2777
2778
2779
2780
2781
2782
2783
2784
2785
2786
2787
2788
2789
2790
2791
2792
2793
2794
2795
2796
2797
2798
2799
2800
2801
2802
2803
2804
2805
2806
2807
2808
2809
2810
2811
2812
2813
