5
2
8 8 
-1.632129400968551636e-01 5.248674750328063965e-01 1.119798943400382996e-01 -1.331493556499481201e-01 4.025903940200805664e-01 -1.271884143352508545e-01 -2.796400785446166992e-01 4.045884609222412109e-01
2.189957946538925171e-01 9.398354589939117432e-02 3.229020535945892334e-02 1.895093172788619995e-01 -4.450387496035546064e-04 -1.231254339218139648e-01 -1.865518093109130859e-01 -3.625200390815734863e-01
6.291887164115905762e-01 -4.268490970134735107e-01 -3.560018166899681091e-02 1.380485445261001587e-01 -1.807558536529541016e-02 -2.392491549253463745e-01 1.338899731636047363e-01 -1.776633411645889282e-01
7.316441535949707031e-01 -5.292741060256958008e-01 1.550122201442718506e-01 -2.615825831890106201e-02 2.900845408439636230e-01 -2.897547781467437744e-01 3.447614610195159912e-02 -7.905834168195724487e-02
6.544219851493835449e-01 -4.476636350154876709e-01 -4.181938245892524719e-02 1.676910817623138428e-01 -7.883335649967193604e-02 -3.659121692180633545e-01 -3.926796372979879379e-03 -1.090534850955009460e-01
4.853117093443870544e-02 -3.642904758453369141e-01 -5.056419223546981812e-02 2.439479678869247437e-01 -8.950412273406982422e-02 -1.339367628097534180e-01 -4.077863097190856934e-01 -1.805800348520278931e-01
-2.375880442559719086e-02 3.350692242383956909e-02 2.447629161179065704e-02 -2.346780598163604736e-01 -1.123296767473220825e-01 -9.080124646425247192e-02 5.935147404670715332e-02 6.595148146152496338e-02
6.430310606956481934e-01 -1.502117216587066650e-01 3.642345666885375977e-01 -5.259616971015930176e-01 -4.806434512138366699e-01 -2.600235641002655029e-01 2.740873694419860840e-01 5.050241947174072266e-01
8 
6.424319148063659668e-01
-4.484652876853942871e-01
-1.424506604671478271e-01
1.082391142845153809e-01
-1.007835343480110168e-01
-4.266276359558105469e-01
3.146127983927726746e-02
-8.265796303749084473e-02
0
2
8 4 
1.293320092372596264e-03 5.069503784179687500e-01 -3.907316029071807861e-01 -8.738657832145690918e-01
-2.448736876249313354e-01 -4.468608200550079346e-01 3.618312180042266846e-01 7.518488764762878418e-01
2.455219626426696777e-01 -1.508853882551193237e-01 -2.602769732475280762e-01 3.338065147399902344e-01
-2.475839406251907349e-01 -1.948310136795043945e-01 4.884613156318664551e-01 -2.396280318498611450e-01
2.838294208049774170e-01 -1.200689449906349182e-01 -5.883610844612121582e-01 3.733341693878173828e-01
6.367859840393066406e-01 3.528483510017395020e-01 -3.455495834350585938e-01 2.673329710960388184e-01
-4.660732448101043701e-01 6.619293708354234695e-03 1.850280761718750000e-01 2.916843891143798828e-01
4.447163641452789307e-02 -6.444582939147949219e-01 -1.972971409559249878e-01 1.800592988729476929e-01
4 
-5.765421390533447266e-01
-2.740366756916046143e-01
1.156330481171607971e-01
-1.733338832855224609e-01
0
2
4 3 
-4.970801174640655518e-01 -6.291382908821105957e-01 -2.593190968036651611e-02
-6.857084631919860840e-01 -2.735038055106997490e-03 -1.218235120177268982e-03
7.540192604064941406e-01 2.245499640703201294e-01 -2.648943569511175156e-03
3.329424560070037842e-01 8.016461133956909180e-01 -8.210246451199054718e-03
3 
1.884004622697830200e-01
2.817950546741485596e-01
-2.612783387303352356e-02
