7
2
16 16 
2.826955914497375488e-02 -9.618622809648513794e-02 3.443992137908935547e-02 1.238839887082576752e-02 -1.273415284231305122e-03 1.400526333600282669e-02 -3.037394024431705475e-02 1.632288843393325806e-02 1.054315119981765747e-01 -3.684380277991294861e-02 3.439597412943840027e-02 5.123494938015937805e-02 -8.420293778181076050e-02 3.452193737030029297e-02 8.622372150421142578e-02 -3.944891691207885742e-02
-1.173998191952705383e-01 1.672318577766418457e-02 -4.241497814655303955e-02 1.243491470813751221e-01 -3.866895139217376709e-01 -6.631319969892501831e-02 3.755493164062500000e-01 2.188166417181491852e-02 6.932672858238220215e-02 1.462887078523635864e-01 8.206946402788162231e-02 6.996640563011169434e-02 4.023482650518417358e-02 1.065138429403305054e-01 -1.245744451880455017e-01 8.122348040342330933e-02
-9.395867586135864258e-02 -2.940560281276702881e-01 -1.352432277053594589e-02 9.769505262374877930e-02 -6.998133063316345215e-01 3.303678240627050400e-03 2.959491312503814697e-01 4.949617758393287659e-02 4.752542078495025635e-02 2.520591318607330322e-01 1.729962229728698730e-01 1.110814213752746582e-01 -6.782020628452301025e-02 7.084945589303970337e-02 -1.984828561544418335e-01 8.835999295115470886e-03
2.667734026908874512e-02 -3.537376224994659424e-02 5.036264657974243164e-02 -9.599828161299228668e-03 1.035659462213516235e-01 1.036611292511224747e-02 5.404094979166984558e-02 3.943822905421257019e-02 -8.561328053474426270e-02 -3.605134412646293640e-02 2.206636406481266022e-02 -2.726416662335395813e-02 7.191256433725357056e-02 -3.217595443129539490e-02 -3.777587413787841797e-02 -7.201529294252395630e-02
3.832134231925010681e-02 -1.486968714743852615e-02 2.316125109791755676e-02 6.272664759308099747e-03 -7.089061196893453598e-03 -5.876066628843545914e-03 1.916731521487236023e-02 6.821136921644210815e-02 4.305626079440116882e-02 -2.586452104151248932e-02 1.167488005012273788e-02 4.962270148098468781e-03 -4.007929004728794098e-03 -5.615712329745292664e-02 8.354429155588150024e-02 3.664218634366989136e-02
8.153795450925827026e-02 2.055840566754341125e-02 2.374844253063201904e-02 3.380332887172698975e-02 -1.081518549472093582e-02 2.663911692798137665e-02 6.812991201877593994e-02 -8.394318632781505585e-03 -5.135796964168548584e-03 -4.398284479975700378e-02 1.169320568442344666e-01 4.597748070955276489e-02 5.644735693931579590e-02 -3.085884265601634979e-02 3.850280540063977242e-03 1.973273232579231262e-02
2.941708825528621674e-02 -5.506387352943420410e-02 7.683255523443222046e-02 -3.280716389417648315e-02 5.771313980221748352e-02 9.500223211944103241e-03 4.852095153182744980e-03 -5.439270660281181335e-02 -2.003461681306362152e-02 2.799889259040355682e-02 -1.536165084689855576e-02 9.141071885824203491e-02 -4.317422583699226379e-02 -2.393326489254832268e-03 -1.282366216182708740e-01 1.529705990105867386e-02
-3.549594059586524963e-02 -8.195631206035614014e-02 -5.095896124839782715e-02 4.208569228649139404e-02 6.517789512872695923e-02 1.227858383208513260e-02 8.618088811635971069e-02 7.070706039667129517e-02 -4.076132550835609436e-02 1.237582508474588394e-02 -1.867530867457389832e-02 2.759198890998959541e-03 -4.451094195246696472e-02 -2.961357496678829193e-02 -1.000488293357193470e-03 1.720750890672206879e-02
-4.548104479908943176e-02 2.761083282530307770e-02 1.180922612547874451e-02 -1.013951301574707031e-01 4.451182112097740173e-02 -3.608236089348793030e-02 6.013248488306999207e-02 2.948406338691711426e-02 7.309418171644210815e-02 5.980053544044494629e-02 3.701423108577728271e-02 5.092003569006919861e-02 8.568258956074714661e-03 -2.628891542553901672e-02 4.536404460668563843e-02 6.928158458322286606e-03
5.040812492370605469e-02 -5.147300288081169128e-02 -5.698093399405479431e-02 1.369127929210662842e-01 -6.679639965295791626e-02 1.090553626418113708e-01 -6.825394462794065475e-03 1.233583316206932068e-02 -1.085600908845663071e-02 -3.786281868815422058e-02 2.513971365988254547e-02 3.856480121612548828e-02 -2.260729111731052399e-02 5.929071828722953796e-02 -3.476957976818084717e-02 1.108542308211326599e-01
6.193050742149353027e-02 5.902494192123413086e-01 -2.167264372110366821e-01 -1.993581056594848633e-01 9.537979215383529663e-02 1.795695349574089050e-02 -3.439875543117523193e-01 2.764322236180305481e-02 3.452813019976019859e-03 1.928619444370269775e-01 7.765753567218780518e-02 6.373017281293869019e-02 -6.039746850728988647e-02 2.249996513128280640e-01 -2.431736886501312256e-01 -1.638843864202499390e-01
2.103201672434806824e-02 5.311725661158561707e-02 -4.843097552657127380e-02 1.588166691362857819e-02 1.334023755043745041e-02 6.383413076400756836e-02 -8.730630390346050262e-03 4.068822041153907776e-02 9.862633049488067627e-02 3.958035632967948914e-02 1.135336700826883316e-02 -3.571446612477302551e-02 1.745839975774288177e-02 4.418870061635971069e-02 -1.883254572749137878e-02 9.521570056676864624e-03
3.165726736187934875e-02 4.365698993206024170e-01 -4.405382648110389709e-02 -4.144003987312316895e-02 -5.256915930658578873e-03 -7.947988808155059814e-02 -1.838127076625823975e-01 2.691363357007503510e-02 -3.575219213962554932e-02 4.404819384217262268e-02 4.095140472054481506e-02 -7.727110385894775391e-02 4.905384406447410583e-02 -7.557159755378961563e-03 -3.902322053909301758e-02 -4.139534011483192444e-02
9.894783794879913330e-02 3.232446610927581787e-01 -6.882180273532867432e-02 -5.033480003476142883e-02 3.271506428718566895e-01 -1.392271667718887329e-01 -1.352034062147140503e-01 -6.633872538805007935e-02 7.433410733938217163e-02 -1.181808114051818848e-01 5.417824909090995789e-02 8.296185114886611700e-06 1.239526942372322083e-01 3.865146636962890625e-02 5.513944849371910095e-02 -8.452573418617248535e-02
3.407282009720802307e-02 -4.204182922840118408e-01 1.650624722242355347e-01 8.505009859800338745e-02 -2.512159384787082672e-02 1.342187672853469849e-01 1.436993479728698730e-01 1.899211853742599487e-02 8.762340992689132690e-02 1.236887648701667786e-02 1.606437861919403076e-01 1.741992533206939697e-01 -1.370432507246732712e-02 -4.099931102246046066e-03 -3.679194487631320953e-03 6.410035490989685059e-02
-1.272807568311691284e-01 -4.031699597835540771e-01 4.969980195164680481e-02 1.535191535949707031e-01 -2.906712004914879799e-03 1.022969409823417664e-01 9.416405111551284790e-02 8.312050253152847290e-02 6.779206544160842896e-02 9.828208386898040771e-02 4.812828451395034790e-02 4.384298250079154968e-02 -9.828662127256393433e-02 -1.442372240126132965e-02 9.026078879833221436e-02 4.462998732924461365e-02
16 
1.683823764324188232e-02
4.775034487247467041e-01
-3.499038890004158020e-02
-6.414431333541870117e-02
-1.089916378259658813e-02
-9.609956294298171997e-02
-1.425033248960971832e-02
-6.788251549005508423e-02
-1.294753104448318481e-01
8.301377529278397560e-04
-1.934858597815036774e-02
-4.356728494167327881e-02
1.382076740264892578e-01
6.159885600209236145e-02
-1.224819850176572800e-02
-6.704023573547601700e-03
0
2
16 16 
9.502448141574859619e-02 -1.016666069626808167e-01 -5.503091588616371155e-02 3.877048194408416748e-02 4.663563892245292664e-02 1.178017258644104004e-02 3.779321908950805664e-03 1.433446556329727173e-01 6.107991561293601990e-02 3.563612699508666992e-02 -2.812320925295352936e-02 -1.196990609169006348e-01 -1.031189635396003723e-01 1.153022330254316330e-02 -2.086725831031799316e-02 9.149017930030822754e-02
-1.537050455808639526e-01 -2.960641682147979736e-01 -2.083081901073455811e-01 3.163160681724548340e-01 -2.510476112365722656e-01 3.416030406951904297e-01 -1.362707912921905518e-01 2.850390374660491943e-01 3.915059268474578857e-01 2.052826732397079468e-01 2.243763208389282227e-01 2.147800028324127197e-01 7.675159722566604614e-02 2.787676453590393066e-01 -2.278916686773300171e-01 -2.024112343788146973e-01
6.968508660793304443e-02 1.150996461510658264e-01 -2.486562542617321014e-02 -1.241787895560264587e-01 -5.401781201362609863e-02 -5.986336618661880493e-03 -4.328733310103416443e-02 -3.675323724746704102e-02 -1.162769719958305359e-01 -1.939692050218582153e-01 2.321830391883850098e-02 4.961154609918594360e-02 -6.855658441781997681e-02 -1.581732630729675293e-01 -9.444894641637802124e-02 -7.299426198005676270e-02
-1.585308089852333069e-02 1.220449730753898621e-01 3.758158162236213684e-02 -1.040530204772949219e-01 -1.625542491674423218e-01 -6.910791154950857162e-03 -1.907726936042308807e-02 -6.514112651348114014e-02 -1.005682796239852905e-01 -4.363054409623146057e-02 5.836961790919303894e-02 -2.096441760659217834e-02 1.999011635780334473e-02 -1.035614162683486938e-01 -1.036222353577613831e-01 -5.579895526170730591e-02
1.324941590428352356e-02 -5.788964033126831055e-02 4.772241413593292236e-02 1.881996095180511475e-01 1.076790988445281982e-01 -2.528859674930572510e-02 4.208583384752273560e-02 9.273304790258407593e-02 4.262571409344673157e-02 3.958805501461029053e-01 -3.131263656541705132e-03 -1.359224915504455566e-01 4.918663576245307922e-02 1.107615157961845398e-01 1.372945010662078857e-01 -5.605658516287803650e-03
-1.439649015665054321e-01 -4.626739397644996643e-02 -5.483614280819892883e-02 -3.240364417433738708e-02 -6.382568925619125366e-02 3.469902276992797852e-02 -1.339997798204421997e-01 1.727343536913394928e-02 1.495009101927280426e-02 1.477711498737335205e-01 1.567373871803283691e-01 1.578372865915298462e-01 7.939298450946807861e-02 4.727183282375335693e-02 4.404010623693466187e-02 -1.081100627779960632e-01
-1.227564066648483276e-01 1.663048267364501953e-01 7.841118425130844116e-02 -1.561954803764820099e-02 -2.012152075767517090e-01 -5.515856295824050903e-02 -4.403223469853401184e-02 1.139877885580062866e-01 -3.483621776103973389e-02 -1.625859290361404419e-01 -3.143307566642761230e-02 5.618174001574516296e-02 5.562509223818778992e-02 -1.750711947679519653e-01 -6.209639832377433777e-02 -8.148347586393356323e-02
-1.598718464374542236e-01 -8.628798276185989380e-02 -1.203761324286460876e-01 -1.914403401315212250e-02 -1.100667491555213928e-01 1.695028692483901978e-02 -1.813490092754364014e-01 9.380690753459930420e-03 2.264721877872943878e-02 -6.464563310146331787e-02 3.668151423335075378e-02 1.056131049990653992e-01 8.758662641048431396e-02 7.194777578115463257e-02 -8.116585016250610352e-02 -3.867214918136596680e-02
-1.422633826732635498e-01 5.236476287245750427e-02 -1.462704688310623169e-01 -8.924420922994613647e-02 -9.494153782725334167e-03 5.743092671036720276e-02 -1.542674005031585693e-01 -4.605752229690551758e-02 1.352007687091827393e-01 -3.419745713472366333e-02 2.146134153008460999e-02 1.313264966011047363e-01 8.385989814996719360e-02 1.317505836486816406e-01 -9.869307279586791992e-02 -1.245043575763702393e-01
-4.169599413871765137e-01 -6.264280527830123901e-02 -2.880981005728244781e-02 1.448782905936241150e-02 4.944919422268867493e-02 -6.319598853588104248e-02 -6.551248580217361450e-02 -1.132977083325386047e-01 -1.197419166564941406e-01 -7.913324981927871704e-02 5.358135700225830078e-02 3.594443202018737793e-02 4.457682967185974121e-01 1.651799380779266357e-01 3.013034462928771973e-01 1.460284143686294556e-01
-2.760340273380279541e-01 2.226196927949786186e-03 4.095238167792558670e-03 1.129433289170265198e-01 -1.133662015199661255e-01 -3.258342668414115906e-02 -8.669386804103851318e-02 3.122905455529689789e-02 -1.314547006040811539e-02 7.835095375776290894e-02 -4.350569471716880798e-02 7.508198916912078857e-02 3.203178942203521729e-01 1.828080974519252777e-03 -3.756979107856750488e-02 -1.636717021465301514e-01
-1.962271183729171753e-01 -1.380642056465148926e-01 -5.803756788372993469e-02 1.529605835676193237e-01 -1.486645787954330444e-01 9.150792658329010010e-02 -7.582878321409225464e-02 -1.436640508472919464e-02 4.330526292324066162e-02 1.042966842651367188e-01 1.537205427885055542e-01 1.166704073548316956e-01 8.939032256603240967e-02 -6.619189400225877762e-03 -1.485855877399444580e-01 -1.013107523322105408e-01
2.097236216068267822e-01 1.482693254947662354e-01 1.192382499575614929e-01 -3.722601756453514099e-02 3.678991273045539856e-02 -3.636380191892385483e-03 9.174325317144393921e-02 -2.565684355795383453e-02 -4.702898487448692322e-02 -1.132599171251058578e-02 -9.011318534612655640e-02 -2.226029783487319946e-01 -1.317446529865264893e-01 -6.504913419485092163e-02 1.645397692918777466e-01 7.938109338283538818e-02
-6.256040930747985840e-02 -3.773175179958343506e-02 -1.541577186435461044e-02 3.162895515561103821e-02 2.607536017894744873e-01 -6.594670563936233521e-02 1.289113052189350128e-02 -1.597894281148910522e-01 -3.311238437891006470e-02 1.426405459642410278e-01 9.031593799591064453e-02 -9.015788882970809937e-02 1.939155012369155884e-01 1.432642638683319092e-01 1.336504817008972168e-01 1.479920595884323120e-01
2.028409093618392944e-01 7.223888486623764038e-02 -2.485149540007114410e-02 -6.468977779150009155e-02 -8.271169662475585938e-02 7.824788987636566162e-02 -9.093619883060455322e-02 8.163435757160186768e-02 7.517843693494796753e-02 -8.354126662015914917e-02 -2.951146289706230164e-02 8.663000166416168213e-02 -1.626475304365158081e-01 -1.481461673974990845e-01 -3.430127203464508057e-01 -1.285222321748733521e-01
-4.271650314331054688e-02 1.466913223266601562e-01 -4.619883000850677490e-02 -7.779601216316223145e-02 -6.167427450418472290e-02 -9.780526161193847656e-02 -4.083636403083801270e-02 1.192280277609825134e-02 -3.079553134739398956e-03 -1.330390572547912598e-01 -3.249487280845642090e-02 1.064030900597572327e-01 3.160031512379646301e-02 -1.123443171381950378e-01 -1.980495601892471313e-01 -9.619087725877761841e-02
16 
1.039102375507354736e-01
3.393536433577537537e-02
8.974687755107879639e-02
-3.897050768136978149e-02
7.356819510459899902e-02
-6.484476476907730103e-02
3.510403260588645935e-02
-6.413056701421737671e-02
3.733567520976066589e-02
-7.711569219827651978e-02
-6.904658675193786621e-02
-1.689493805170059204e-01
-8.728112280368804932e-02
-2.823297865688800812e-02
1.206659674644470215e-01
1.040443032979965210e-01
0
2
16 16 
5.060272291302680969e-02 5.417802557349205017e-02 5.777269229292869568e-02 7.826315611600875854e-02 1.364209800958633423e-01 3.015215098857879639e-01 1.364216394722461700e-02 -1.363849192857742310e-01 2.054958939552307129e-01 -1.883837878704071045e-01 3.880764544010162354e-01 -4.516975954174995422e-02 2.640822231769561768e-01 -1.579265147447586060e-01 2.753034830093383789e-01 2.830588221549987793e-01
1.243728473782539368e-01 1.675545573234558105e-01 1.125261932611465454e-01 1.297567635774612427e-01 1.174692139029502869e-01 2.101851105690002441e-01 -2.208641320466995239e-01 -1.688848286867141724e-01 1.132410690188407898e-01 -1.825792044401168823e-01 4.977068305015563965e-02 -1.210550218820571899e-02 7.563869655132293701e-02 1.158883124589920044e-01 2.037661075592041016e-01 -4.854947924613952637e-01
1.358939558267593384e-01 1.556867361068725586e-01 1.100212708115577698e-01 8.576729148626327515e-02 1.281047761440277100e-01 1.500227004289627075e-01 -2.165477424860000610e-01 6.506902724504470825e-02 1.289246976375579834e-01 -2.678180634975433350e-01 3.715574741363525391e-02 -1.869409829378128052e-01 1.457551680505275726e-02 2.136090099811553955e-01 1.739537566900253296e-01 3.807135671377182007e-02
-1.215026229619979858e-01 -6.825043261051177979e-02 -2.198814600706100464e-01 -9.446614980697631836e-02 -6.020839139819145203e-02 -4.416588693857192993e-02 1.490125656127929688e-01 2.460874021053314209e-01 -6.424513459205627441e-02 5.615846440196037292e-02 -8.152363449335098267e-02 7.848005741834640503e-02 -1.361022293567657471e-01 -9.044383466243743896e-02 -1.421027183532714844e-01 2.926737666130065918e-01
2.117870748043060303e-01 1.976601481437683105e-01 2.715840339660644531e-01 2.078170776367187500e-01 2.312915772199630737e-01 1.918164640665054321e-01 -1.550708115100860596e-01 -2.748050689697265625e-01 3.192558139562606812e-02 1.081068962812423706e-01 1.705972254276275635e-01 -1.530477404594421387e-01 2.077799439430236816e-01 2.220392078161239624e-01 5.376686155796051025e-02 7.314175367355346680e-01
-2.156321555376052856e-01 -2.132729291915893555e-01 -2.677060663700103760e-01 -2.188063114881515503e-01 -5.780360102653503418e-02 -9.457908570766448975e-02 2.072826921939849854e-01 1.431876122951507568e-01 -1.809611767530441284e-01 2.116391062736511230e-01 -1.684093773365020752e-01 2.496898025274276733e-01 -5.889104213565587997e-03 -3.479541838169097900e-01 -1.551366597414016724e-01 2.191023528575897217e-01
1.288095861673355103e-01 1.258068531751632690e-01 2.070270180702209473e-01 1.662828922271728516e-01 1.280003190040588379e-01 2.336636632680892944e-01 -1.719946563243865967e-01 -8.622519671916961670e-03 1.258136332035064697e-01 -1.065372973680496216e-01 1.124047115445137024e-01 -2.287680804729461670e-01 1.949727237224578857e-01 9.741710126399993896e-02 9.499609470367431641e-02 2.183388322591781616e-01
-2.208794504404067993e-01 -7.251102477312088013e-02 -3.131251931190490723e-01 -2.529475986957550049e-01 -1.549853682518005371e-01 1.622542440891265869e-01 1.064805462956428528e-01 1.018062755465507507e-01 -8.368081599473953247e-02 1.335058920085430145e-02 -8.491689711809158325e-02 1.619685292243957520e-01 -7.837861776351928711e-02 -1.637119948863983154e-01 -8.147222548723220825e-02 2.362295091152191162e-01
-1.003165692090988159e-01 -2.758102715015411377e-01 -3.568764030933380127e-01 -2.400889396667480469e-01 -8.061115443706512451e-02 2.161832526326179504e-02 1.668293774127960205e-01 2.137677222490310669e-01 -1.749784797430038452e-01 2.183729708194732666e-01 -2.407817542552947998e-02 1.770552098751068115e-01 -8.200541883707046509e-02 -3.352670073509216309e-01 -8.875645697116851807e-02 3.116530776023864746e-01
-8.470112830400466919e-02 -9.066052734851837158e-02 -6.652744859457015991e-02 -8.056956343352794647e-03 -1.272093057632446289e-01 -1.468089818954467773e-01 -2.391598932445049286e-02 2.764631807804107666e-01 -1.499650925397872925e-01 1.938312500715255737e-01 -1.404012590646743774e-01 -1.904658414423465729e-02 -1.352663785219192505e-01 4.453754052519798279e-02 -9.508847445249557495e-02 1.099804401397705078e+00
-8.711183071136474609e-02 -1.671559214591979980e-01 -1.086827963590621948e-01 -1.412545144557952881e-01 -3.042203001677989960e-02 -1.247958391904830933e-01 9.902285784482955933e-02 1.009069234132766724e-01 -2.060988247394561768e-01 2.381345331668853760e-01 -4.720198363065719604e-02 1.800996959209442139e-01 -6.342510133981704712e-02 -7.886447757482528687e-02 -2.457953244447708130e-01 -1.668411046266555786e-01
-1.433387100696563721e-01 -2.375975251197814941e-01 -1.061412468552589417e-01 -1.373682618141174316e-01 -1.888819485902786255e-01 -1.403408944606781006e-01 2.909137606620788574e-01 1.366627961397171021e-01 -9.407313913106918335e-02 1.252324581146240234e-01 -1.881647258996963501e-01 1.908390820026397705e-01 -9.298380464315414429e-02 -9.508015960454940796e-02 -9.096003323793411255e-02 -2.375048846006393433e-01
7.629312574863433838e-03 -2.836527489125728607e-02 2.791727893054485321e-02 1.376460585743188858e-02 -2.188417166471481323e-01 -2.675501406192779541e-01 3.665429726243019104e-02 1.295378655195236206e-01 -1.589765399694442749e-01 1.425240635871887207e-01 -2.498864233493804932e-01 1.177304238080978394e-01 -2.679646313190460205e-01 1.968099623918533325e-01 -1.782571226358413696e-01 -5.913127586245536804e-02
-1.337266862392425537e-01 -5.783999711275100708e-02 -7.359439879655838013e-02 -8.469522744417190552e-02 -8.592990785837173462e-02 -9.242791682481765747e-02 1.106549501419067383e-01 2.133882343769073486e-01 -1.325514316558837891e-01 2.893882095813751221e-01 -2.198470383882522583e-01 9.809514135122299194e-02 -8.369943499565124512e-02 -4.612893983721733093e-02 -4.031681455671787262e-03 5.123906731605529785e-01
1.983107179403305054e-01 1.743634045124053955e-01 1.898713260889053345e-01 1.738810241222381592e-01 1.312540322542190552e-01 -4.019973054528236389e-02 -1.915684640407562256e-01 -1.050508320331573486e-01 1.412597745656967163e-01 -2.978774160146713257e-02 1.378205716609954834e-01 -3.234866559505462646e-01 1.036756336688995361e-01 3.227084875106811523e-01 1.021317243576049805e-01 5.154188275337219238e-01
2.427836954593658447e-01 1.317177414894104004e-01 2.836461663246154785e-01 1.660718917846679688e-01 2.133699804544448853e-01 1.356053650379180908e-01 -6.805235892534255981e-02 -1.861533969640731812e-01 9.581585228443145752e-02 -6.832358241081237793e-02 2.100720852613449097e-01 -1.547792404890060425e-01 1.727768480777740479e-01 1.510798037052154541e-01 1.275525391101837158e-01 3.624415695667266846e-01
16 
5.194972455501556396e-02
7.068126648664474487e-02
-2.077439799904823303e-02
5.266826599836349487e-02
1.686285287141799927e-01
1.854930222034454346e-01
-6.385493278503417969e-02
1.855948590673506260e-03
1.251179575920104980e-01
-8.606632053852081299e-02
9.022451937198638916e-02
-5.363072827458381653e-02
1.236987486481666565e-01
3.808336704969406128e-02
1.023990362882614136e-01
4.968144465237855911e-03
0
2
16 3 
1.253594756126403809e-01 3.407110571861267090e-01 2.292137965559959412e-02
1.851207464933395386e-01 3.590413033962249756e-01 -1.153782829642295837e-01
9.661560505628585815e-02 3.590901792049407959e-01 6.920715421438217163e-02
1.313734352588653564e-01 3.587383627891540527e-01 -1.267800386995077133e-02
1.521946936845779419e-01 1.256050020456314087e-01 4.630860686302185059e-02
2.865678071975708008e-01 4.415284097194671631e-02 -2.886635623872280121e-02
-1.059870868921279907e-01 -2.413151264190673828e-01 1.902552396059036255e-01
-2.283301949501037598e-01 -2.377452701330184937e-01 -2.271397262811660767e-01
1.882716268301010132e-01 1.374437808990478516e-01 -6.760489940643310547e-02
-2.663846015930175781e-01 -1.642388254404067993e-01 2.558770179748535156e-01
2.776507437229156494e-01 1.088862121105194092e-01 1.055040434002876282e-01
-1.200709044933319092e-01 -2.691122889518737793e-01 1.124048754572868347e-01
2.256691604852676392e-01 1.223578751087188721e-01 1.231008619070053101e-01
-5.491210613399744034e-04 4.671845734119415283e-01 -2.565876841545104980e-01
2.248530238866806030e-01 1.219445541501045227e-01 -4.471041262149810791e-02
-2.903324663639068604e-01 1.613671481609344482e-01 -7.328552752733230591e-02
3 
6.715903431177139282e-02
1.380014233291149139e-03
3.911546955350786448e-04
